/*--------------------------------*- C++ -*----------------------------------*\
| =========                 |                                                 |
| \\      /  F ield         | OpenFOAM: The Open Source CFD Toolbox           |
|  \\    /   O peration     | Version:  v2012                                 |
|   \\  /    A nd           | Website:  www.openfoam.com                      |
|    \\/     M anipulation  |                                                 |
\*---------------------------------------------------------------------------*/
FoamFile
{
    version     2.0;
    format      ascii;
    class       faceSet;
    location    "constant/polyMesh/sets";
    object      bottomPatch;
}
// * * * * * * * * * * * * * * * * * * * * * * * * * * * * * * * * * * * * * //


9036
(
2106466
2106467
2106468
2106469
2106470
2106471
2106472
2106475
2106476
2106478
2106479
2106480
2106481
2106482
2106483
2106484
2106485
2106486
2106487
2106488
2106489
2106490
2106491
2106492
2106493
2106494
2106495
2106496
2106497
2106498
2106499
2106500
2106501
2106502
2106503
2106504
2106505
2106506
2106507
2106508
2106509
2106510
2106511
2106512
2106513
2106514
2106515
2106516
2106517
2106518
2106519
2106520
2106521
2106522
2106523
2106524
2106525
2106526
2106529
2106530
2106531
2106532
2106533
2106534
2106535
2106536
2106537
2106538
2106539
2106540
2106541
2106542
2106543
2106544
2106545
2106546
2106547
2106548
2106549
2106550
2106551
2106552
2106553
2106554
2106555
2106556
2106557
2106558
2106559
2106560
2106561
2106562
2106563
2106564
2106565
2106566
2106567
2106568
2106569
2106570
2106571
2106572
2106573
2106574
2106575
2106576
2106577
2106578
2106579
2106580
2106581
2106582
2106583
2106584
2106585
2106586
2106587
2106588
2106589
2106590
2106591
2106592
2106593
2106594
2106595
2106596
2106597
2106598
2106599
2106600
2106601
2106602
2106603
2106604
2106605
2106606
2106607
2106608
2106609
2106610
2106611
2106612
2106613
2106614
2106615
2106616
2106617
2106618
2106619
2106620
2106621
2106622
2106623
2106624
2106625
2106626
2106627
2106628
2106629
2106630
2106631
2106632
2106633
2106634
2106635
2106636
2106637
2106638
2106639
2106640
2106641
2106642
2106643
2106644
2106645
2106646
2106647
2106648
2106649
2106650
2106651
2106652
2106653
2106654
2106655
2106656
2106657
2106658
2106659
2106660
2106661
2106662
2106663
2106664
2106665
2106666
2106667
2106668
2106669
2106670
2106671
2106672
2106673
2106674
2106675
2106676
2106677
2106678
2106679
2106680
2106681
2106682
2106683
2106684
2106685
2106686
2106687
2106688
2106689
2106690
2106691
2106692
2106693
2106694
2106695
2106696
2106697
2106698
2106699
2106700
2106701
2106702
2106703
2106704
2106705
2106706
2106707
2106708
2106709
2106710
2106711
2106712
2106713
2106714
2106715
2106716
2106717
2106718
2106719
2106720
2106721
2106722
2106723
2106724
2106725
2106726
2106727
2106728
2106729
2106730
2106731
2106732
2106733
2106734
2106735
2106736
2106737
2106738
2106739
2106740
2106741
2106742
2106743
2106744
2106746
2106747
2106749
2106750
2106751
2106752
2106753
2106754
2106755
2106756
2106757
2106758
2106759
2106760
2106761
2106762
2106763
2106764
2106765
2106766
2106767
2106768
2106769
2106770
2106771
2106772
2106773
2106774
2106775
2106776
2106777
2106778
2106779
2106780
2106781
2106782
2106783
2106784
2106785
2106786
2106787
2106788
2106789
2106790
2106791
2106792
2106793
2106794
2106795
2106796
2106797
2106798
2106799
2106800
2106801
2106802
2106803
2106804
2106805
2106806
2106807
2106808
2106809
2106810
2106811
2106812
2106813
2106814
2106815
2106816
2106817
2106818
2106819
2106820
2106822
2106823
2106824
2106825
2106826
2106827
2106828
2106829
2106830
2106831
2106832
2106833
2106834
2106835
2106836
2106837
2106838
2106839
2106840
2106841
2106842
2106843
2106844
2106845
2106846
2106847
2106848
2106849
2106850
2106851
2106852
2106853
2106854
2106855
2106856
2106857
2106858
2106859
2106860
2106861
2106862
2106863
2106864
2106865
2106866
2106867
2106868
2106869
2106870
2106871
2106872
2106873
2106874
2106875
2106876
2106877
2106878
2106879
2106880
2106881
2106882
2106883
2106884
2106885
2106886
2106887
2106888
2106889
2106890
2106891
2106892
2106893
2106894
2106895
2106896
2106897
2106898
2106899
2106900
2106901
2106902
2106903
2106904
2106905
2106906
2106907
2106908
2106909
2106910
2106911
2106912
2106913
2106914
2106915
2106916
2106917
2106918
2106919
2106920
2106921
2106922
2106923
2106924
2106925
2106926
2106927
2106928
2106929
2106930
2106931
2106932
2106933
2106934
2106935
2106936
2106937
2106938
2106939
2106940
2106941
2106942
2106943
2106944
2106945
2106946
2106947
2106948
2106949
2106950
2106951
2106952
2106953
2106954
2106955
2106956
2106957
2106958
2106959
2106960
2106961
2106964
2106965
2106966
2106967
2106968
2106969
2106970
2106971
2106972
2106973
2106974
2106975
2106976
2106977
2106978
2106979
2106980
2106981
2106982
2106983
2106984
2106985
2106986
2106987
2106988
2106989
2106990
2106991
2106992
2106993
2106994
2106995
2106996
2106997
2106998
2106999
2107000
2107001
2107002
2107003
2107004
2107005
2107006
2107007
2107008
2107009
2107010
2107011
2107012
2107013
2107014
2107015
2107016
2107017
2107018
2107019
2107020
2107021
2107022
2107023
2107024
2107025
2107026
2107027
2107028
2107029
2107030
2107031
2107032
2107033
2107034
2107035
2107036
2107037
2107038
2107039
2107040
2107041
2107042
2107043
2107044
2107045
2107046
2107047
2107048
2107049
2107050
2107051
2107052
2107053
2107054
2107055
2107056
2115781
2115782
2115783
2115784
2115797
2115798
2115799
2115800
2115801
2115802
2115803
2115804
2115805
2115806
2115807
2115808
2115809
2115810
2115811
2115812
2115825
2115826
2115827
2115830
2115831
2115832
2115833
2115834
2115835
2115836
2115837
2115838
2115839
2115840
2115841
2115842
2115843
2115844
2115845
2115846
2115847
2115851
2115852
2115853
2115854
2115855
2115856
2115857
2115858
2115859
2115860
2115861
2115862
2115863
2115864
2115865
2115866
2115867
2115868
2115869
2115870
2115874
2115875
2115876
2115877
2115878
2115879
2115880
2115881
2115882
2115883
2115884
2115885
2115886
2115887
2115888
2115889
2115902
2115903
2115904
2115905
2115921
2115922
2115923
2115924
2115925
2115926
2115927
2115928
2115929
2115946
2115947
2115948
2115949
2115950
2115951
2115952
2115953
2115954
2115955
2115956
2115957
2115958
2115959
2115960
2115961
2115962
2115963
2115964
2115965
2115966
2115967
2115968
2115969
2115970
2115971
2115972
2115973
2115974
2115975
2115976
2115977
2115978
2115979
2115980
2115981
2115982
2115983
2115984
2115985
2115986
2115987
2115988
2115989
2115990
2115991
2115992
2115993
2115994
2115995
2115996
2115997
2115998
2115999
2116000
2116001
2116002
2116003
2116004
2116005
2116006
2116007
2116008
2116009
2116010
2116011
2116012
2116013
2116014
2116015
2116016
2116017
2116018
2116019
2116020
2116021
2116022
2116023
2116024
2116025
2116026
2116027
2116028
2116029
2116030
2116031
2116032
2116033
2116034
2116035
2116036
2116037
2116038
2116039
2116040
2116041
2116042
2116043
2116044
2116045
2116046
2116047
2116048
2116049
2116050
2116051
2116052
2116053
2116054
2116055
2116056
2116057
2116058
2116059
2116060
2116061
2116062
2116063
2116064
2116065
2116066
2116067
2116068
2116069
2116070
2116071
2116072
2116073
2116074
2116075
2116076
2116077
2116078
2116079
2116080
2116081
2116082
2116083
2116084
2116085
2116086
2116087
2116088
2116089
2116090
2116092
2116093
2116094
2116095
2116096
2116097
2116098
2116099
2116100
2116119
2116120
2116121
2116122
2116132
2116133
2116134
2116135
2116136
2116137
2116138
2116139
2116140
2116141
2116142
2116143
2116144
2116145
2116146
2116147
2116148
2116149
2116150
2116151
2116152
2116153
2116154
2116155
2116156
2116157
2116158
2116159
2116160
2116161
2116162
2116163
2116164
2116165
2116166
2116167
2116168
2116169
2116170
2116171
2116172
2116173
2116174
2116175
2116176
2116177
2116178
2116179
2116180
2116181
2116182
2116183
2116184
2116185
2116186
2116187
2116188
2116189
2116190
2116191
2116192
2116193
2116194
2116195
2116196
2116197
2116198
2116199
2116200
2116201
2116202
2116203
2116204
2116205
2116206
2116207
2116208
2116209
2116210
2116211
2116212
2116213
2116214
2116215
2116216
2116217
2116218
2116219
2116220
2116221
2116222
2116223
2116224
2116225
2116226
2116227
2116228
2116229
2116230
2116231
2116232
2116233
2116234
2116235
2116236
2116237
2116238
2116239
2116240
2116241
2116242
2116243
2116244
2116245
2116246
2116247
2116248
2116249
2116250
2116251
2116252
2116253
2116254
2116255
2116256
2116257
2116258
2116259
2116260
2116261
2116262
2116263
2116264
2116265
2116266
2116267
2116268
2116269
2116270
2116271
2116272
2116273
2116274
2116275
2116276
2116277
2116278
2116279
2116280
2116281
2116282
2116283
2116284
2116285
2116286
2116287
2116288
2116289
2116290
2116291
2116292
2116293
2116294
2116295
2116296
2116297
2116298
2116299
2116300
2116301
2116302
2116303
2116304
2116305
2116306
2116307
2116308
2116309
2116310
2116311
2116312
2116313
2116314
2116315
2116316
2116317
2116318
2116319
2116320
2116321
2116322
2116323
2116324
2116326
2116327
2116328
2116329
2116341
2116342
2116343
2116344
2116345
2116346
2116347
2116348
2116350
2116351
2116352
2116353
2116354
2116355
2116356
2116357
2116369
2116370
2116371
2116372
2116373
2116374
2116375
2116376
2116377
2116378
2116379
2116380
2116381
2116382
2116383
2116384
2116385
2116386
2116387
2116388
2116389
2116390
2116391
2116392
2116393
2116394
2116395
2116396
2116397
2116398
2116399
2116400
2116401
2116402
2116403
2116404
2116405
2116406
2116407
2116408
2116409
2116410
2116411
2116412
2116413
2116414
2116415
2116416
2116417
2116418
2116419
2116420
2116421
2116422
2116423
2116424
2116425
2116426
2116427
2116428
2116429
2116430
2116431
2116432
2116433
2116434
2116435
2116436
2116437
2116438
2116439
2116440
2116441
2116442
2116443
2116444
2116445
2116446
2116447
2116448
2116449
2116450
2116451
2116452
2116453
2116454
2116455
2116456
2116457
2116458
2116459
2116460
2116461
2116462
2116463
2116464
2116465
2116466
2116467
2116468
2116469
2116470
2116471
2116472
2116473
2116474
2116475
2116476
2116477
2116478
2116479
2116480
2116481
2116482
2116483
2116484
2116485
2116486
2116487
2116488
2116489
2116490
2116491
2116492
2116493
2116494
2116495
2116496
2116497
2116498
2116499
2116500
2116501
2116502
2116503
2116504
2116505
2116506
2116507
2116508
2116509
2116510
2116511
2116512
2116513
2116514
2116515
2116516
2116517
2116518
2116519
2116520
2116521
2116522
2116523
2116524
2116525
2116526
2116527
2116528
2116529
2116530
2116531
2116532
2116533
2116534
2116535
2116536
2116537
2116538
2116539
2116540
2116541
2116542
2116543
2116544
2116545
2116546
2116547
2116548
2116549
2116550
2116551
2116552
2116553
2116554
2116555
2116556
2116557
2116558
2116559
2116560
2116561
2116562
2116563
2116564
2116565
2116566
2116567
2116568
2116580
2116581
2116582
2116583
2116584
2116585
2116586
2116587
2116588
2116589
2116590
2116593
2116594
2116595
2116596
2116597
2116598
2116599
2116600
2116601
2116602
2116605
2116606
2116607
2116608
2116609
2116610
2116611
2116612
2116613
2116614
2116615
2116616
2116617
2116618
2116619
2116620
2116621
2116622
2116623
2116624
2116625
2116626
2116627
2116628
2116629
2116630
2116631
2116632
2116633
2116634
2116635
2116636
2116637
2116638
2116639
2116640
2116641
2116642
2116643
2116644
2116645
2116646
2116647
2116648
2116649
2116650
2116651
2116652
2116653
2116654
2116655
2116656
2116657
2116658
2116659
2116660
2116661
2116662
2116663
2116664
2116665
2116666
2116667
2116668
2116669
2116670
2116671
2116672
2116673
2116674
2116675
2116676
2116677
2116678
2116679
2116680
2116681
2116682
2116683
2116684
2116685
2116686
2116687
2116688
2116689
2116690
2116691
2116692
2116693
2116694
2116695
2116696
2116697
2116698
2116699
2116700
2116701
2116702
2116703
2116704
2116705
2116706
2116707
2116708
2116709
2116710
2116711
2116712
2116713
2116714
2116715
2116716
2116717
2116718
2116719
2116720
2116721
2116722
2116723
2116724
2116725
2116726
2116727
2116728
2116729
2116730
2116731
2116732
2116733
2116734
2116735
2116736
2116737
2116738
2116739
2116740
2116741
2116742
2116743
2116744
2116745
2116746
2116747
2116748
2116749
2116750
2116751
2116752
2116753
2116754
2116755
2116756
2116757
2116758
2116759
2116760
2116761
2116762
2116763
2116764
2116765
2116766
2116767
2116768
2116769
2116770
2116771
2116772
2116773
2116774
2116775
2116776
2116777
2116778
2116779
2116780
2116781
2116782
2116783
2116784
2116785
2116786
2116787
2116788
2116789
2116790
2116791
2116792
2116793
2116794
2116795
2116796
2116797
2116798
2116799
2116800
2116801
2116802
2116803
2116804
2116805
2116806
2116807
2116808
2116809
2116810
2116811
2116814
2116815
2116830
2116831
2116832
2116833
2116834
2116835
2116836
2116837
2116838
2116839
2116840
2116841
2116842
2116843
2116844
2116845
2116846
2116847
2116848
2116849
2116852
2116853
2116854
2116855
2116856
2116857
2116858
2116859
2116860
2116861
2116862
2116863
2116864
2116865
2116866
2116867
2116868
2116869
2116870
2116871
2116872
2116873
2116874
2116875
2116876
2116877
2116878
2116879
2116880
2116881
2116882
2116883
2116884
2116885
2116886
2116887
2116888
2116889
2116890
2116891
2116892
2116893
2116894
2116895
2116896
2116897
2116898
2116899
2116900
2116901
2116902
2116903
2116904
2116905
2116906
2116907
2116908
2116909
2116910
2116911
2116912
2116913
2116914
2116915
2116916
2116917
2116918
2116919
2116920
2116921
2116922
2116923
2116924
2116925
2116926
2116927
2116928
2116929
2116930
2116931
2116932
2116933
2116934
2116935
2116936
2116937
2116938
2116939
2116940
2116941
2116942
2116943
2116944
2116945
2116946
2116947
2116948
2116949
2116950
2116951
2116952
2116953
2116954
2116955
2116956
2116957
2116958
2116959
2116960
2116961
2116962
2116963
2116964
2116965
2116966
2116967
2116968
2116969
2116970
2116971
2116972
2116973
2116974
2116975
2116976
2116977
2116978
2116979
2116980
2116981
2116982
2116983
2116984
2116985
2116986
2116987
2116988
2116989
2116990
2116991
2116992
2116993
2116994
2116995
2116996
2116997
2116998
2116999
2117000
2117001
2117002
2117003
2117004
2117005
2117006
2117007
2117008
2117009
2117010
2117011
2117012
2117013
2117014
2117015
2117016
2117017
2117018
2117019
2117020
2117021
2117022
2117023
2117024
2117025
2117026
2117027
2117028
2117029
2117030
2117031
2117032
2117033
2117034
2117035
2117036
2117037
2117038
2117039
2117040
2117041
2117042
2117043
2117044
2117045
2117046
2117048
2117049
2117051
2117052
2117053
2117054
2117055
2117056
2117057
2117058
2117059
2117060
2117061
2117062
2117076
2117077
2117078
2117079
2117080
2117081
2117082
2117083
2117084
2117085
2117086
2117087
2117088
2117089
2117090
2117091
2117104
2117105
2117106
2117107
2117108
2117109
2117110
2117111
2117112
2117113
2117114
2117115
2117116
2117117
2117118
2117119
2117120
2117121
2117122
2117123
2117124
2117125
2117126
2117127
2117128
2117129
2117130
2117131
2117132
2117133
2117134
2117135
2117136
2117137
2117138
2117139
2117140
2117141
2117142
2117143
2117144
2117145
2117146
2117147
2117148
2117149
2117150
2117151
2117152
2117153
2117154
2117155
2117156
2117157
2117158
2117159
2117160
2117161
2117162
2117163
2117164
2117165
2117166
2117167
2117168
2117169
2117170
2117171
2117172
2117173
2117174
2117175
2117176
2117177
2117178
2117179
2117180
2117181
2117182
2117183
2117184
2117185
2117186
2117187
2117188
2117189
2117190
2117191
2117192
2117193
2117194
2117195
2117196
2117197
2117198
2117199
2117200
2117201
2117202
2117203
2117204
2117205
2117206
2117207
2117208
2117209
2117210
2117211
2117212
2117213
2117214
2117215
2117216
2117217
2117218
2117219
2117220
2117221
2117222
2117223
2117224
2117225
2117226
2117227
2117228
2117229
2117230
2117231
2117232
2117233
2117234
2117235
2117236
2117237
2117238
2117239
2117240
2117241
2117242
2117243
2117244
2117245
2117246
2117247
2117248
2117249
2117250
2117251
2117252
2117253
2117254
2117255
2117256
2117257
2117258
2117259
2117260
2117261
2117262
2117263
2117264
2117265
2117266
2117267
2117268
2117269
2117270
2117271
2117272
2117273
2117274
2117275
2117276
2117277
2117278
2117279
2117280
2117281
2117282
2117283
2117284
2117285
2117286
2117287
2117288
2117289
2117290
2117291
2117292
2117293
2117294
2117295
2117297
2117298
2117299
2117300
2117301
2117302
2117303
2117304
2117317
2117318
2117319
2117320
2117330
2117331
2117332
2117333
2117334
2117335
2117336
2117337
2117338
2117339
2117340
2117341
2117342
2117343
2117344
2117345
2117346
2117347
2117348
2117349
2117350
2117351
2117352
2117353
2117354
2117356
2117357
2117358
2117359
2117360
2117361
2117362
2117363
2117364
2117365
2117366
2117367
2117368
2117369
2117370
2117371
2117372
2117373
2117374
2117375
2117376
2117377
2117378
2117379
2117380
2117381
2117382
2117383
2117384
2117385
2117386
2117387
2117388
2117389
2117390
2117391
2117392
2117393
2117394
2117395
2117396
2117397
2117398
2117399
2117400
2117401
2117402
2117403
2117404
2117405
2117406
2117407
2117408
2117409
2117410
2117411
2117412
2117413
2117414
2117415
2117416
2117417
2117418
2117419
2117420
2117421
2117422
2117423
2117424
2117425
2117426
2117427
2117428
2117429
2117430
2117431
2117432
2117433
2117434
2117435
2117436
2117437
2117438
2117439
2117440
2117441
2117442
2117443
2117444
2117445
2117446
2117447
2117448
2117449
2117450
2117451
2117452
2117453
2117454
2117455
2117456
2117457
2117458
2117459
2117460
2117461
2117462
2117463
2117464
2117465
2117466
2117467
2117468
2117469
2117470
2117471
2117472
2117473
2117474
2117475
2117476
2117477
2117478
2117479
2117480
2117481
2117482
2117483
2117484
2117485
2117486
2117487
2117488
2117489
2117490
2117491
2117492
2117493
2117494
2117495
2117496
2117497
2117498
2117499
2117500
2117501
2117502
2117503
2117504
2117505
2117506
2117507
2117508
2117509
2117510
2117511
2117512
2117513
2117514
2117515
2117516
2117517
2117518
2117519
2117520
2117521
2117522
2117523
2117524
2117541
2117542
2117543
2117544
2117545
2117546
2117547
2117548
2117549
2117568
2117569
2117570
2117571
2117572
2117573
2117574
2117575
2117576
2117577
2117578
2117579
2117580
2117581
2117582
2117583
2117584
2117585
2117586
2117587
2117588
2117589
2117590
2117591
2117592
2117594
2117595
2117596
2117597
2117598
2117599
2117600
2117601
2117602
2117603
2117604
2117605
2117606
2117607
2117608
2117609
2117610
2117611
2117612
2117613
2117614
2117615
2117616
2117617
2117618
2117619
2117620
2117621
2117622
2117623
2117624
2117625
2117626
2117627
2117628
2117629
2117630
2117631
2117632
2117633
2117634
2117635
2117636
2117637
2117638
2117639
2117640
2117641
2117642
2117643
2117644
2117645
2117646
2117647
2117648
2117649
2117650
2117651
2117652
2117653
2117654
2117655
2117656
2117657
2117658
2117659
2117660
2117661
2117662
2117663
2117664
2117665
2117666
2117667
2117668
2117669
2117670
2117671
2117672
2117673
2117674
2117675
2117676
2117677
2117678
2117679
2117680
2117681
2117682
2117683
2117684
2117685
2117686
2117687
2117688
2117689
2117690
2117691
2117692
2117693
2117694
2117695
2117696
2117697
2117698
2117699
2117700
2117701
2117702
2117703
2117704
2117705
2117706
2117707
2117708
2117709
2117710
2117711
2117712
2117713
2117714
2117737
2117738
2117739
2117740
2117752
2117753
2117754
2117755
2117756
2117757
2117758
2117759
2117772
2117773
2117774
2117775
2117776
2117777
2117778
2117779
2117780
2117781
2117782
2117783
2117784
2117785
2117786
2117788
2117789
2117804
2117805
2117806
2117807
2117808
2117809
2117810
2117811
2117812
2117813
2117814
2117816
2117817
2117819
2117820
2117821
2117822
2117836
2117837
2117838
2117839
2117840
2117841
2117842
2117843
2164441
2164442
2164443
2164444
2164445
2164447
2164448
2164449
2164450
2164453
2164454
2164455
2164456
2164457
2164458
2164459
2164461
2164462
2164463
2164464
2164465
2164466
2164467
2164468
2164469
2164471
2164472
2164473
2164474
2164477
2164479
2164480
2164481
2164482
2164483
2164484
2164485
2164487
2164489
2164490
2164491
2164492
2164493
2164495
2164496
2164497
2164498
2164501
2164502
2164503
2164505
2164506
2164507
2164508
2164509
2164510
2164511
2164513
2164514
2164515
2164516
2164517
2164518
2164519
2164521
2164522
2164523
2164525
2164526
2164527
2164528
2164529
2164530
2164531
2164533
2164535
2164536
2164537
2164538
2164539
2164540
2164541
2164542
2164543
2164545
2164546
2164547
2164548
2164553
2164554
2164555
2164557
2164558
2164559
2164560
2164561
2164562
2164563
2164564
2164565
2164567
2164568
2164569
2164570
2164571
2164572
2164573
2164574
2164575
2164577
2164578
2164579
2164580
2164581
2164582
2164585
2164587
2164588
2164589
2164590
2164591
2164592
2164593
2164594
2164595
2164596
2164597
2164598
2164599
2164600
2164601
2164603
2164604
2164605
2164606
2164607
2164608
2164609
2164610
2164611
2164612
2164613
2164615
2164616
2164617
2164619
2164621
2164622
2164623
2164624
2164627
2164628
2164629
2164630
2164631
2164633
2164634
2164635
2164636
2164637
2164638
2164639
2164641
2164642
2164643
2164644
2164645
2164646
2164873
2164875
2164876
2164877
2164878
2164879
2164880
2164881
2164882
2164883
2164884
2164886
2164887
2164888
2164889
2164890
2164891
2164892
2164894
2164895
2164896
2164897
2164898
2164899
2164900
2164901
2164902
2164903
2164904
2164905
2164907
2164908
2164909
2164910
2164911
2164913
2164914
2164915
2164916
2164917
2164919
2164920
2164921
2164922
2164923
2164924
2164925
2164926
2164927
2164928
2164930
2164931
2164932
2164934
2164935
2164936
2164937
2164939
2164940
2164941
2164942
2164943
2164944
2164945
2164946
2164947
2164949
2164950
2164952
2164953
2164954
2164955
2164957
2164959
2164960
2164962
2164963
2164964
2164965
2164966
2164968
2164969
2164971
2164972
2164974
2164975
2164976
2164977
2164979
2164981
2164982
2165019
2165020
2165022
2165023
2165025
2165026
2165027
2165028
2165030
2165032
2165033
2165047
2165048
2165049
2165051
2165052
2165053
2165054
2165055
2165056
2165057
2165058
2165059
2165060
2165067
2165069
2165070
2165071
2165073
2165074
2165076
2165077
2165078
2165079
2165080
2165081
2165082
2165083
2165084
2165091
2165092
2165094
2165095
2165097
2165098
2165099
2165100
2165102
2165104
2165105
2165119
2165120
2165121
2165122
2165123
2165126
2165127
2165128
2165129
2165130
2165132
2165133
2165134
2165135
2165137
2165138
2165139
2165140
2165141
2165143
2165144
2165146
2165147
2165149
2165150
2165151
2165152
2165154
2165155
2165156
2165168
2165169
2165170
2165171
2165172
2165173
2165175
2165176
2165178
2165179
2165180
2165181
2165183
2165185
2165186
2165198
2165199
2165200
2165202
2165203
2165204
2165205
2165206
2165207
2165208
2165209
2165210
2165217
2165218
2165219
2165221
2165222
2165223
2165224
2165225
2165226
2165227
2165228
2165229
2165236
2165238
2165239
2165240
2165242
2165243
2165245
2165246
2165247
2165248
2165249
2165250
2165251
2165252
2165253
2165254
2165256
2165257
2165258
2165260
2165261
2165263
2165264
2165265
2165266
2165267
2165268
2165269
2165270
2165271
2165272
2165274
2165275
2165276
2165277
2165278
2165280
2165281
2165282
2165283
2165284
2165285
2165286
2165287
2165288
2165295
2165296
2165297
2165299
2165300
2165301
2165302
2165303
2165304
2165305
2165306
2165313
2165314
2165316
2165317
2165319
2165320
2165321
2165322
2165324
2165325
2165326
2165339
2165340
2165341
2165342
2165343
2165344
2165345
2165346
2165359
2165360
2165361
2165362
2165363
2165365
2165366
2165367
2165368
2165369
2165370
2165371
2165372
2165374
2165375
2165376
2165377
2165378
2165381
2165382
2165383
2165384
2165385
2165387
2165388
2165390
2165391
2165393
2165394
2165395
2165396
2165398
2165400
2165401
2165415
2165416
2165417
2165419
2165420
2165421
2165422
2165423
2165424
2165425
2165426
2165433
2165435
2165436
2165437
2165438
2165439
2165440
2165441
2165442
2165443
2165444
2165446
2165447
2165448
2165449
2165450
2165452
2165453
2165454
2165456
2165457
2165459
2165460
2165461
2165462
2165463
2165464
2165465
2165466
2165467
2165468
2165469
2165470
2165472
2165473
2165474
2165475
2165476
2165477
2165478
2165479
2166049
2166050
2166051
2166052
2166053
2166054
2166055
2166056
2166057
2166058
2166059
2166060
2166061
2166062
2166064
2166065
2166066
2166067
2166068
2166069
2166070
2166071
2166090
2166091
2166092
2166093
2166096
2166097
2166098
2166101
2166102
2166103
2166104
2166107
2166108
2166110
2166111
2166112
2166113
2166114
2166115
2166124
2166125
2166126
2166127
2166128
2166130
2166143
2166144
2166145
2166146
2166149
2166150
2166151
2166155
2166156
2166157
2166161
2166162
2166163
2166166
2166167
2166168
2166169
2166170
2166171
2166172
2166173
2166180
2166181
2166182
2166183
2166184
2166186
2166195
2166196
2166198
2166199
2166208
2166209
2166210
2166214
2166215
2166216
2166219
2166220
2166221
2166222
2166365
2166366
2166368
2166369
2166370
2166371
2166372
2166373
2166374
2166375
2166376
2166377
2166378
2166379
2166380
2166382
2166383
2166384
2166385
2166386
2166387
2166388
2166389
2166391
2166392
2166393
2166394
2166395
2166396
2166398
2166399
2166400
2166401
2166402
2166403
2166404
2166405
2166406
2166408
2166409
2166410
2166412
2166413
2166414
2166462
2166463
2166464
2166465
2166466
2166467
2166468
2166469
2166470
2166471
2166472
2166473
2166474
2166475
2166476
2166477
2166478
2166479
2166480
2166481
2166482
2166483
2166484
2166485
2166486
2166487
2166488
2166489
2166490
2166491
2166492
2166493
2166494
2166495
2166496
2166497
2166498
2166499
2166500
2166501
2166502
2166503
2166504
2166505
2166506
2166508
2166509
2166510
2166511
2166512
2166513
2166514
2166515
2166516
2166517
2166518
2166519
2166520
2166521
2166522
2166523
2166524
2166525
2166526
2166528
2166529
2166530
2166531
2166532
2166533
2166534
2166535
2166536
2166556
2166557
2166558
2166559
2166560
2166561
2166562
2166563
2166564
2166568
2166569
2166570
2166571
2166573
2166574
2166575
2166576
2166577
2166578
2166579
2166580
2166581
2166582
2166585
2166586
2166587
2166588
2166589
2166590
2166591
2166592
2166593
2166597
2166598
2166599
2166600
2166601
2166602
2166603
2166604
2166605
2166606
2166607
2166608
2166609
2166610
2166611
2166612
2166613
2166614
2166625
2166626
2166627
2166628
2166629
2166630
2166631
2166632
2166633
2166634
2166635
2166636
2166637
2166648
2166650
2166651
2166652
2166653
2166654
2166655
2166656
2166657
2166658
2166662
2166663
2166664
2166665
2166667
2166668
2166669
2166670
2166671
2166672
2166673
2166674
2166675
2166678
2166679
2166680
2166681
2166683
2166684
2166685
2166686
2166687
2166688
2166689
2166690
2166691
2166692
2166693
2166694
2166695
2166696
2166698
2166699
2166700
2166701
2166702
2166703
2166704
2166705
2166706
2166707
2166709
2166710
2166711
2166712
2166713
2166714
2166715
2166716
2166717
2166718
2166719
2166720
2166721
2166722
2166724
2166726
2166727
2166728
2166729
2166730
2166731
2166732
2166733
2166734
2166738
2166739
2166740
2166741
2166742
2166743
2166744
2166745
2166748
2166749
2166750
2166751
2166752
2166753
2166754
2166755
2166756
2166767
2166768
2166769
2166770
2166771
2166772
2166773
2166774
2166775
2166776
2166777
2166778
2166779
2166780
2166781
2166782
2166783
2166784
2166785
2166786
2166787
2166788
2166789
2166790
2166791
2166792
2166804
2166805
2166806
2166807
2166808
2166809
2166810
2166811
2166812
2166815
2166816
2166817
2166818
2166819
2166820
2166821
2166822
2166823
2166824
2166825
2166826
2166827
2166828
2166830
2166831
2166832
2166833
2166834
2166835
2166836
2166837
2166838
2166839
2166840
2166841
2166842
2166843
2167207
2167208
2167209
2167210
2167211
2167214
2167215
2167216
2167217
2167219
2167220
2167222
2167223
2167224
2167227
2167228
2167229
2167230
2167231
2167232
2167233
2167235
2167236
2167237
2167238
2167240
2167241
2167242
2167244
2167245
2167246
2167247
2167248
2167250
2167251
2167252
2167254
2167255
2167256
2167257
2167258
2167259
2167260
2167262
2167264
2167266
2167267
2167268
2167270
2167271
2167272
2167273
2167274
2167275
2167276
2167278
2167279
2167280
2167281
2167282
2167285
2167286
2167287
2167288
2167290
2167291
2167293
2167294
2167295
2167298
2167299
2167300
2167301
2167302
2167303
2167304
2167306
2167307
2167308
2167309
2167311
2167312
2167313
2167315
2167316
2167317
2167318
2167319
2167320
2167321
2167322
2167323
2167325
2167326
2167328
2167330
2167331
2167332
2167333
2167334
2167336
2167337
2167338
2167339
2167340
2167341
2167343
2167344
2167346
2167347
2167348
2167349
2167351
2167352
2167353
2167355
2167356
2167357
2167358
2167359
2167361
2167362
2167364
2167365
2167366
2167369
2167370
2167371
2167372
2167373
2167374
2167375
2167377
2167378
2167379
2167380
2167381
2167384
2167385
2167386
2167387
2167388
2167389
2167390
2167391
2167393
2167394
2167396
2167398
2167399
2167402
2167404
2167405
2167406
2167408
2167409
2167410
2167411
2167412
2167413
2167414
2167415
2167418
2167419
2167420
2167421
2167422
2167424
2167425
2167427
2167428
2167429
2167431
2167432
2167433
2167434
2167435
2167436
2167437
2167438
2167439
2167440
2167441
2167443
2167444
2167446
2167447
2167448
2167449
2167451
2167452
2167453
2167455
2167456
2167457
2167459
2167460
2167462
2167463
2167465
2167466
2167467
2167468
2167469
2167471
2167472
2167473
2167474
2167475
2167477
2167478
2167480
2167481
2167482
2167485
2167486
2167487
2167488
2167489
2167490
2167491
2167493
2167494
2167495
2167496
2167497
2167500
2167501
2167502
2167503
2167505
2167506
2167508
2167509
2167510
2167513
2167514
2167515
2167516
2167517
2167518
2167519
2167521
2167522
2167523
2167524
2167525
2167528
2167529
2167530
2167531
2167533
2167534
2167536
2167537
2167538
2167541
2167542
2167543
2167544
2167545
2167546
2167547
2167549
2167550
2167551
2167552
2167553
2167556
2167557
2167558
2167559
2167561
2167562
2167563
2167564
2167566
2167567
2167568
2167570
2167571
2167572
2167573
2167574
2167575
2167576
2167577
2167578
2167580
2167581
2167583
2167584
2167585
2167587
2167588
2167589
2167590
2167591
2167592
2167593
2167595
2167596
2167597
2167599
2167600
2167601
2167602
2167603
2167604
2167605
2167607
2167609
2167611
2167612
2167613
2167615
2167616
2167617
2167618
2167619
2167620
2167621
2167623
2167624
2167625
2167627
2167628
2167629
2167630
2167631
2167632
2167633
2167635
2167637
2167639
2167641
2167642
2167643
2167644
2167645
2167647
2167648
2167650
2167651
2167653
2167654
2167655
2167656
2167657
2167659
2167660
2167661
2167662
2167663
2167665
2167666
2167667
2167668
2167669
2167672
2167673
2167674
2167675
2167677
2167678
2167680
2167681
2167682
2167685
2167686
2167687
2167688
2167689
2167690
2167691
2167693
2167694
2167696
2167697
2167698
2167701
2167702
2167703
2167704
2167705
2167706
2167707
2167709
2167710
2167711
2167712
2167713
2167716
2167717
2167718
2167719
2167721
2167722
2167723
2167724
2167726
2167727
2167728
2167730
2167731
2167732
2167733
2167734
2168268
2168269
2168271
2168272
2168273
2168274
2168275
2168276
2168278
2168279
2168280
2168281
2168282
2168283
2168284
2168285
2168287
2168288
2168289
2168291
2168292
2168293
2168294
2168295
2168297
2168298
2168299
2168300
2168301
2168302
2168304
2168305
2168306
2168307
2168308
2168309
2168310
2168311
2168313
2168314
2168315
2168317
2168318
2168319
2168320
2168321
2168322
2168323
2168324
2168325
2168326
2168328
2168329
2168330
2168331
2168332
2168334
2168335
2168336
2168337
2168338
2168339
2168341
2168342
2168343
2168344
2168345
2168346
2168347
2168348
2168350
2168351
2168353
2168354
2168355
2168356
2168357
2168358
2168359
2168360
2168361
2168362
2168363
2168365
2168366
2168367
2168368
2168369
2168371
2168372
2168373
2168374
2168375
2168376
2168378
2168379
2168380
2168381
2168382
2168384
2168385
2168386
2168387
2168388
2168389
2168391
2168392
2168393
2168394
2168395
2168397
2168398
2168399
2168400
2168401
2168402
2168404
2168405
2168406
2168407
2168408
2168409
2168410
2168411
2168413
2168414
2168416
2168417
2168418
2168419
2168420
2168421
2168422
2168423
2168424
2168425
2168426
2168428
2168429
2168430
2168431
2168432
2168434
2168435
2168436
2168437
2168438
2168439
2168441
2168442
2168443
2168444
2168445
2168447
2168448
2168449
2168450
2168451
2168452
2168454
2168455
2168456
2168457
2168458
2168459
2168460
2168461
2168463
2168464
2168466
2168467
2168468
2168671
2168672
2168673
2168674
2168675
2168676
2168677
2168678
2168679
2168680
2168681
2168682
2168684
2168685
2168686
2168688
2168689
2168691
2168692
2168693
2168695
2168696
2168698
2168699
2168700
2168702
2168704
2168705
2168707
2168708
2168710
2168711
2168712
2168713
2168714
2168715
2168716
2168717
2168718
2168719
2168720
2168721
2168722
2168725
2168726
2168727
2168728
2168729
2168730
2168731
2168732
2168734
2168736
2168737
2168739
2168741
2168742
2168743
2168744
2168745
2168746
2168747
2168748
2168749
2168750
2168751
2168752
2168754
2168755
2168756
2168758
2168759
2168761
2168762
2168763
2168765
2168766
2168768
2168769
2168770
2168772
2168774
2168776
2168777
2168779
2168780
2168782
2168783
2168784
2168785
2168786
2168787
2168788
2168789
2168790
2168791
2168792
2168793
2168794
2168795
2168798
2168799
2168800
2168801
2168803
2168804
2168805
2168806
2168807
2168808
2168809
2168811
2168813
2168814
2168815
2168816
2168817
2168819
2168821
2168822
2168823
2168824
2168825
2168826
2168827
2168828
2168830
2168832
2168833
2168835
2168837
2168838
2168841
2168842
2168843
2168844
2168846
2168848
2168849
2168850
2168851
2168852
2168853
2168854
2168856
2168858
2168859
2168860
2168861
2168862
2168863
2168866
2168867
2168868
2168869
2168871
2168872
2168873
2168874
2168875
2168876
2168877
2168879
2168881
2168882
2168883
2168884
2168886
2168887
2168888
2168889
2168890
2168891
2168892
2168893
2168894
2168895
2168896
2168897
2168899
2168900
2168901
2168903
2168905
2168907
2168908
2168910
2168911
2168912
2168913
2168914
2168915
2168916
2168917
2168918
2168919
2168920
2168921
2168922
2168923
2168925
2168926
2168927
2168929
2168930
2168932
2168933
2168934
2168936
2168937
2168938
2168939
2168942
2168943
2168944
2168945
2168947
2168948
2168949
2168950
2168951
2168952
2168953
2168954
2168956
2168958
2168959
2168960
2168961
2168963
2168965
2168966
2168967
2168968
2168969
2168970
2168971
2168972
2168974
2168976
2168977
2168979
2168982
2168984
2168985
2168986
2168987
2168988
2168989
2168990
2168991
2168993
2168995
2168996
2168998
2169000
2169002
2169003
2169004
2169005
2169006
2169007
2169008
2169009
2169011
2169013
2169014
2169016
2169017
2169018
2169021
2169022
2169023
2169024
2169027
2169028
2169029
2169030
2169031
2169032
2169033
2169035
2169037
2169038
2169039
2169040
2169041
2169042
2169045
2169046
2169047
2169048
2169050
2169051
2169052
2169053
2169054
2169055
2169056
2169057
2169059
2169061
2169062
2169063
2169064
2169066
2169067
2169068
2169069
2169070
2169071
2169072
2169073
2169074
2169075
2169076
2169077
2169079
2169080
2169081
2169082
2169083
2169084
2169085
2169086
2169087
2169088
2169089
2169090
2169092
2169093
2169094
2169096
2169098
2169100
2169101
2169103
2169104
2169105
2169106
2169107
2169108
2169109
2169110
2169111
2169112
2169113
2169114
2169115
2169116
2169118
2169119
2169120
2169122
2169123
2169125
2169126
2169127
2169129
2169130
2169132
2169133
2169134
2169136
2169138
2169140
2169141
2169143
2169144
2169145
2169146
2169147
2169148
2169149
2169150
2169151
2169152
2169153
2169154
2169155
2169156
2169158
2169159
2169160
2169162
2169163
2169165
2169166
2169167
2169169
2169170
2169172
2169173
2169174
2169176
2169178
2169180
2169181
2169183
2169184
2169185
2169186
2169187
2169188
2169189
2169190
2169191
2169192
2169193
2169194
2169195
2169196
2169198
2169199
2169200
2169202
2169203
2169205
2169206
2169207
2169209
2169210
2169212
2169213
2169214
2169215
2169216
2169217
2169218
2169219
2169220
2169221
2169222
2169223
2169224
2169225
2169228
2169229
2169230
2169231
2169233
2169235
2169236
2169237
2169238
2169239
2169240
2169241
2169243
2169245
2169246
2169247
2169248
2169249
2169252
2169253
2169254
2169255
2169256
2169257
2169258
2169259
2169261
2169263
2169264
2169266
2169268
2169271
2169272
2169273
2169274
2169275
2169276
2169277
2169278
2169280
2169282
2169283
2169285
2169289
2169290
2169291
2169292
2169293
2169294
2169295
2169296
2169298
2169300
2169301
2169303
2169305
2169306
2169307
2169310
2169311
2169312
2169313
2169316
2169317
2169318
2169319
2169320
2169321
2169322
2169324
2169326
2169327
2169328
2169329
2169331
2169332
2169333
2169334
2169335
2169336
2169337
2169338
2169339
2169340
2169341
2169342
2169343
2169344
2169345
2169346
2169347
2169348
2169349
2169350
2169351
2169352
2169353
2169354
2169356
2169357
2169358
2169360
2169361
2169363
2169364
2169365
2169367
2169368
2169370
2169371
2169372
2169374
2169376
2169377
2169379
2169380
2169382
2169383
2169384
2169386
2169388
2169389
2169391
2169392
2169393
2169394
2169395
2169396
2169397
2169398
2169399
2169400
2169401
2169402
2169403
2169404
2169406
2169407
2169408
2169410
2169411
2169413
2169414
2169415
2169417
2169418
2169420
2169421
2169422
2169423
2169424
2169425
2169426
2169427
2169428
2169429
2169430
2169431
2170195
2170196
2170197
2170198
2170200
2170202
2170203
2170204
2170205
2170206
2170207
2170208
2170209
2170210
2170211
2170213
2170214
2170215
2170216
2170217
2170219
2170220
2170221
2170222
2170223
2170224
2170225
2170226
2170227
2170229
2170231
2170232
2170233
2170234
2170235
2170237
2170238
2170239
2170240
2170241
2170242
2170243
2170244
2170245
2170247
2170248
2170249
2170250
2170251
2170253
2170254
2170255
2170256
2170257
2170258
2170260
2170261
2170262
2170263
2170264
2170266
2170267
2170268
2170269
2170270
2170271
2170272
2170273
2170274
2170276
2170277
2170278
2170279
2170280
2170282
2170284
2170285
2170286
2170287
2170288
2170382
2170383
2170386
2170389
2170391
2170392
2170393
2170394
2170395
2170398
2170401
2170402
2170403
2170404
2170405
2170406
2170407
2170410
2170413
2170414
2170416
2170417
2170418
2170419
2170422
2170423
2170424
2170425
2170427
2170429
2170430
2170431
2170432
2170433
2170434
2170437
2170438
2170442
2170443
2170446
2170448
2170449
2170450
2170451
2170452
2170453
2170456
2170457
2170458
2170459
2170460
2170461
2170464
2170465
2170466
2170467
2170468
2170469
2170473
2170474
2170572
2170573
2170574
2170576
2170578
2170580
2170581
2170582
2170583
2170585
2170586
2170587
2170588
2170590
2170591
2170592
2170594
2170596
2170598
2170599
2170600
2170602
2170604
2170606
2170607
2170608
2170610
2170612
2170614
2170616
2170617
2170618
2170620
2170622
2170624
2170626
2170628
2170630
2170631
2170633
2170635
2170636
2170637
2170639
2170640
2170641
2170642
2170643
2170645
2170647
2170649
2170650
2170651
2170652
2170653
2170655
2170657
2170659
2170661
2170662
2170663
2170665
2170667
2170669
2170670
2170672
2170674
2170675
2170677
2170678
2170679
2170681
2170682
2170683
2170685
2170687
2170688
2170689
2170691
2170693
2170695
2170696
2170697
2170698
2170700
2170702
2170704
2170706
2170707
2170709
2170710
2170712
2170714
2170857
2170859
2170860
2170861
2170862
2170863
2170865
2170867
2170868
2170869
2170870
2170871
2170872
2170873
2170874
2170875
2170876
2170877
2170878
2170880
2170881
2170882
2170884
2170885
2170886
2170887
2170888
2170889
2170890
2170891
2170892
2170893
2170894
2170895
2170896
2170897
2170898
2170899
2170900
2170902
2170903
2170904
2170905
2170907
2170908
2170909
2170910
2170911
2170914
2170915
2170916
2170917
2170919
2170921
2170922
2170923
2170924
2170927
2170928
2170929
2170930
2170932
2170933
2170934
2170936
2170937
2170938
2170939
2170940
2170941
2170943
2170944
2170945
2170946
2170947
2171044
2171045
2171046
2171048
2171049
2171050
2171053
2171054
2171055
2171056
2171057
2171060
2171061
2171064
2171066
2171067
2171069
2171070
2171073
2171075
2171076
2171077
2171079
2171080
2171081
2171084
2171085
2171086
2171087
2171088
2171091
2171092
2171095
2171096
2171098
2171099
2171101
2171102
2171106
2171107
2171108
2171110
2171111
2171112
2171115
2171116
2171117
2171118
2171119
2171122
2171123
2171126
2171128
2171129
2171131
2171132
2171135
2171137
2171138
2171139
2171141
2171142
2171143
2171146
2171147
2171148
2171149
2171150
2171153
2171154
2171157
2171159
2171160
2171162
2171163
2171167
2171168
2171169
2171171
2171172
2171174
2171176
2171177
2171178
2171179
2171180
2171183
2171184
2171187
2171189
2171190
2171192
2171193
2171196
2171198
2171199
2171200
2171202
2171203
2171204
2171207
2171208
2171209
2171210
2171211
2171214
2171215
2171218
2171220
2171221
2171223
2171224
2171227
2171229
2171230
2171231
2171233
2171234
2171236
2171238
2171239
2171240
2171241
2171242
2171245
2171246
2171249
2171251
2171252
2171254
2171255
2171259
2171260
2171261
2171263
2171264
2171265
2171268
2171269
2171270
2171271
2171272
2171275
2171276
2171279
2171281
2171282
2171284
2171285
2171288
2171536
2171537
2171539
2171541
2171542
2171543
2171544
2171545
2171547
2171548
2171549
2171550
2171551
2171553
2171555
2171556
2171557
2171558
2171559
2171560
2171561
2171564
2171565
2171566
2171569
2171570
2171571
2171573
2171574
2171575
2171577
2171578
2171579
2171582
2171584
2171585
2171587
2171588
2171590
2171592
2171593
2171594
2171595
2171596
2171598
2171599
2171600
2171601
2171602
2171604
2171606
2171607
2171608
2171609
2171610
2171611
2171612
2171615
2171616
2171619
2171620
2171621
2171623
2171624
2171625
2171626
2171627
2171628
2171630
2171631
2171634
2171635
2171638
2171639
2171640
2171643
2171644
2171645
2171648
2171649
2171650
2171652
2171653
2171654
2171655
2171656
2171658
2171659
2171663
2171664
2171666
2171668
2171669
2171671
2171673
2171674
2171675
2171676
2171677
2171679
2171680
2171681
2171682
2171683
2171685
2171687
2171688
2171689
2171690
2171691
2171692
2171693
2171696
2171697
2171700
2171701
2171702
2171704
2171705
2171706
2171707
2171708
2171709
2171710
2171713
2171716
2171717
2171718
2171721
2171722
2171723
2171726
2171727
2171728
2171730
2171731
2171732
2171733
2171735
2171736
2171737
2171740
2171741
2171744
2171746
2171747
2171749
2171751
2171752
2171753
2171754
2171755
2171757
2171758
2171759
2171760
2171761
2171763
2171765
2171766
2171767
2171768
2171769
2171771
2171772
2171774
2171776
2171777
2171778
2171779
2171780
2171782
2171783
2171784
2171785
2171786
2171788
2171790
2171791
2171792
2171793
2171794
2171796
2171797
2171799
2171801
2171802
2171803
2171804
2171805
2171807
2171808
2171809
2171810
2171811
2171813
2171815
2171816
2171817
2171818
2171819
2171820
2171821
2171824
2171825
2171826
2171829
2171830
2171831
2171833
2171834
2171835
2171837
2171838
2171839
2171840
2171844
2171847
2171848
2171849
2171852
2171853
2171854
2171857
2171858
2171859
2171861
2171862
2171863
2171864
2171865
2171867
2171868
2171873
2171875
2171877
2171878
2171880
2171882
2171883
2171884
2171885
2171886
2171888
2171889
2171890
2171891
2171892
2171894
2171896
2171897
2171898
2171899
2171900
2171902
2171903
2171905
2171907
2171908
2171909
2171910
2171911
2171913
2171914
2171915
2171916
2171917
2171919
2171921
2171922
2171923
2171924
2171925
2171926
2171927
2171930
2171931
2171934
2171935
2171936
2171938
2171939
2171940
2171941
2171943
2171944
2171945
2171949
2171952
2172375
2172376
2172377
2172380
2172381
2172382
2172385
2172386
2172387
2172390
2172391
2172392
2172395
2172396
2172397
2172400
2172401
2172402
2172405
2172406
2172407
2172410
2172411
2172412
2172455
2172456
2172457
2172458
2172459
2172460
2172461
2172462
2172463
2172464
2172465
2172466
2172467
2172468
2172469
2172470
2172475
2172476
2172477
2172478
2172479
2172480
2172481
2172482
2172490
2172491
2172492
2172493
2172494
2172495
2172496
2172497
2172498
2172499
2172500
2172501
2172502
2172503
2172504
2172505
2172506
2172507
2172508
2172509
2172510
2172511
2172512
2172513
2172520
2172521
2172522
2172523
2172524
2172525
2172526
2172527
2172528
2172529
2172530
2172531
2172532
2172533
2172534
2172535
2172613
2172614
2172615
2172616
2172617
2172618
2172619
2172620
2172621
2172622
2172623
2172624
2172625
2172626
2172627
2172628
2172629
2172630
2172631
2172632
2172633
2172634
2172635
2172636
2172637
2172638
2172639
2172640
2172641
2172642
2172643
2172644
2172645
2172646
2172647
2172648
2172649
2172650
2172651
2172652
2172653
2172654
2172655
2172656
2172657
2172658
2172659
2172660
2172661
2172662
2172663
2172664
2172665
2172666
2172667
2172668
2172669
2172670
2172671
2172672
2172673
2172674
2172675
2172676
2172741
2172742
2172743
2172744
2172745
2172746
2172747
2172748
2172749
2172750
2172751
2172752
2172753
2172754
2172755
2172756
2172757
2172758
2172759
2172760
2172761
2172762
2172763
2172764
2172765
2172766
2172767
2172768
2172769
2172770
2172771
2172772
2172773
2172774
2172775
2172776
2172777
2172778
2172779
2172780
2172781
2172782
2172783
2172784
2172785
2172786
2172787
2172788
2172789
2172790
2172791
2172792
2172793
2172794
2172795
2172796
2172797
2172798
2172799
2172800
2172801
2172802
2172803
2172804
2172811
2172812
2172813
2172814
2172816
2172817
2172818
2172819
2172820
2172821
2172822
2172823
2172824
2172825
2172826
2172827
2172828
2172829
2172830
2172831
2172832
2172833
2172834
2172835
2172836
2172838
2172839
2172840
2172841
2172842
2172843
2172844
2172845
2172846
2172847
2172848
2172849
2172850
2172851
2172852
2172853
2172854
2172855
2172856
2172857
2172858
2172859
2172860
2172861
2172862
2172863
2172864
2172865
2172866
2172867
2172868
2172869
2172870
2172871
2172872
2172873
2172874
2172875
2172876
2172877
2172880
2172881
2172882
2172883
2172884
2172885
2172886
2172887
2172888
2172889
2172890
2172891
2172892
2172893
2172894
2172895
2172896
2172897
2172898
2172899
2172900
2172901
2172902
2172903
2172904
2172906
2172907
2172908
2172909
2172910
2172911
2172912
2172913
2172914
2172918
2172919
2172920
2172921
2172922
2172923
2172924
2172925
2172926
2172927
2172928
2172929
2172930
2172932
2172933
2172934
2172935
2172937
2172938
2172939
2172940
2172941
2172942
2172943
2172944
2172945
2172946
2172947
2172948
2172950
2172951
2172952
2172953
2172956
2172957
2172958
2172959
2172960
2172961
2172962
2172963
2172964
2172965
2172966
2172967
2172968
2172969
2172970
2172971
2172972
2172973
2172974
2172975
2172976
2172977
2172978
2172979
2172980
2172981
2172982
2172983
2172986
2172987
2172988
2172989
2172990
2172991
2172992
2172993
2172994
2172995
2172996
2172997
2172998
2172999
2173000
2173001
2173002
2173005
2173006
2173007
2173008
2173009
2173010
2173011
2173012
2173013
2173015
2173016
2173017
2173018
2173019
2173020
2173021
2173022
2173023
2173024
2173025
2173026
2173303
2173304
2173305
2173306
2173307
2173309
2173310
2173311
2173312
2173314
2173316
2173333
2173334
2173335
2173336
2173337
2173338
2173339
2173340
2173341
2173342
2173343
2173344
2173345
2173346
2173347
2173348
2173349
2173350
2173351
2173352
2173353
2173354
2173355
2173356
2173357
2173358
2173359
2173360
2173361
2173362
2173363
2173364
2173365
2173367
2173368
2173369
2173370
2173371
2173372
2173373
2173374
2173375
2173376
2173377
2173378
2173379
2173380
2173381
2173382
2173383
2173384
2173385
2173386
2173387
2173388
2173389
2173390
2173391
2173392
2173393
2173394
2173395
2173396
2173397
2173398
2173399
2173400
2173401
2173402
2173403
2173404
2173405
2173406
2173407
2173408
2173409
2173410
2173411
2173412
2173413
2173414
2173415
2173416
2173417
2173418
2173419
2173421
2173422
2173423
2173424
2173425
2173426
2173427
2173429
2173430
2173431
2173432
2173433
2173434
2173435
2173436
2173437
2173438
2173439
2173440
2173441
2173442
2173443
2173444
2173445
2173446
2173447
2173448
2173449
2173450
2173451
2173452
2173453
2173454
2173455
2173456
2173457
2173458
2173459
2173460
2173461
2173462
2173463
2173464
2173465
2173466
2173467
2173468
2173469
2173470
2173471
2173473
2173474
2173475
2173476
2173477
2173478
2173479
2173480
2173481
2173482
2173483
2173484
2173485
2173486
2173487
2173488
2173489
2173490
2173491
2173492
2173493
2173494
2173495
2173496
2173497
2173498
2173499
2173500
2173501
2173502
2173503
2173504
2173505
2173506
2173507
2173508
2173509
2173510
2173511
2173512
2173513
2173694
2173695
2173697
2173699
2173700
2173701
2173704
2173707
2173725
2173726
2173727
2173728
2173729
2173730
2173731
2173732
2173733
2173734
2173735
2173736
2173737
2173738
2173739
2173740
2173741
2173742
2173743
2173744
2173745
2173746
2173747
2173748
2173773
2173774
2173775
2173776
2173777
2173778
2173779
2173782
2173783
2173784
2173785
2173786
2173787
2173788
2173789
2173790
2173791
2173792
2173793
2173794
2173795
2173798
2173799
2173800
2173801
2173802
2173803
2173804
2173806
2173807
2173808
2173809
2173810
2173811
2173812
2173815
2173816
2173817
2173818
2173819
2173820
2173821
2173823
2173824
2173825
2173826
2173827
2173828
2173829
2173830
2173831
2173832
2173833
2173834
2173835
2173836
2173899
2173900
2173901
2173902
2173903
2173904
2173905
2173906
2173907
2173908
2173909
2173910
2173911
2173912
2173913
2173914
2173915
2173917
2173918
2173919
2173920
2173921
2173922
2173923
2173924
2173925
2173926
2173927
2173928
2173929
2173930
2173931
2173932
2173933
2173934
2173935
2173936
2173938
2173939
2173940
2173941
2173942
2173943
2173944
2173945
2173946
2173947
2173948
2173949
2173951
2173952
2173953
2173954
2173955
2173956
2173957
2173958
2173959
2173960
2173961
2173962
2173963
2173964
2173965
2173966
2173967
2173968
2173969
2173971
2173972
2173973
2173974
2173975
2173976
2173977
2173978
2173979
2173980
2173981
2173982
2173983
2173984
2173985
2173986
2173987
2173988
2173989
2173990
2173991
2173992
2173993
2173994
2173995
2173996
2173997
2173998
2173999
2174000
2174001
2174002
2174003
2174004
2174005
2174006
2174007
2174008
2174009
2174010
2174011
2174012
2174013
2174014
2174015
2174016
2174017
2174019
2174020
2174021
2174022
2174023
2174024
2174025
2174026
2174027
2174028
2174029
2174030
2174032
2174033
2174034
2174035
2174036
2174037
2174038
2174039
2174040
2174041
2174042
2174043
2174044
2174045
2174046
2174047
2174048
2174049
2174050
2174051
2174052
2174053
2174054
2174055
2174056
2174057
2174058
2174059
2174060
2174061
2174062
2174237
2174243
2174248
2174375
2174376
2174378
2174380
2174381
2174383
2174385
2174410
2174411
2174412
2174413
2174414
2174415
2174416
2174417
2174418
2174419
2174420
2174421
2174422
2174423
2174424
2174425
2174426
2174427
2174428
2174429
2174430
2174431
2174432
2174433
2174460
2174500
2174501
2174502
2174503
2174504
2174505
2174506
2174507
2174508
2174509
2174510
2174511
2174512
2174513
2174514
2174515
2174516
2174517
2174518
2174519
2174520
2174521
2174522
2174523
2174548
2174549
2174550
2174551
2174552
2174553
2212206
2212207
2212208
2212209
2212210
2212211
2212212
2212213
2212214
2212215
2212216
2212217
2212218
2212219
2212220
2212221
2212222
2212223
2212224
2212225
2212226
2212227
2212228
2212229
2212230
2212231
2212232
2212233
2212234
2212235
2212236
2212237
2212238
2212239
2212240
2212241
2212242
2212243
2212244
2212245
2212246
2212247
2212248
2212249
2212250
2212251
2212252
2212253
2212254
2212255
2212256
2212257
2212258
2212259
2212260
2212261
2212262
2212263
2212264
2212265
2212266
2212267
2212268
2212269
2212270
2212271
2212272
2212273
2212274
2212275
2212276
2212277
2212278
2212279
2212280
2212281
2212282
2212283
2212284
2212285
2212286
2212287
2212288
2212289
2212290
2212291
2212297
2212298
2212299
2212300
2212301
2212302
2212303
2212304
2212305
2212306
2212307
2212308
2212309
2212310
2212311
2212312
2212313
2212314
2212315
2212316
2212317
2212318
2212319
2212320
2212321
2212322
2212323
2212324
2212325
2212326
2212327
2212328
2212329
2212330
2212331
2212332
2212333
2212334
2212335
2212336
2212337
2212338
2212339
2212340
2212341
2212342
2212343
2212344
2212345
2212346
2212347
2212348
2212349
2212350
2212351
2212352
2212353
2212354
2212355
2212356
2212357
2212358
2212359
2212360
2212361
2212362
2212363
2212364
2212365
2212366
2212367
2212368
2212369
2212370
2212371
2212372
2212373
2212374
2212375
2212376
2212377
2212378
2212379
2212380
2212381
2212382
2212383
2212384
2212385
2212386
2212387
2212388
2212389
2212390
2212391
2212392
2212393
2212394
2212395
2212396
2212397
2212398
2212399
2212400
2212401
2212402
2212403
2212404
2212405
2212406
2212407
2212408
2212409
2212410
2212411
2212412
2212413
2212414
2212415
2212416
2212417
2212418
2212419
2212420
2212421
2212422
2212423
2212424
2212425
2212426
2212427
2212428
2212429
2212430
2212431
2212432
2212433
2212434
2212435
2212436
2212437
2212444
2212445
2212446
2212447
2212448
2212449
2212450
2212451
2212452
2212453
2212454
2212455
2212456
2212457
2212458
2212459
2212460
2212461
2212462
2212463
2212464
2212465
2212466
2212467
2212468
2212469
2212470
2212471
2212472
2212473
2212474
2212475
2212476
2212477
2212478
2212479
2212480
2212481
2212482
2212483
2212484
2212485
2221910
2221911
2221912
2221913
2221914
2221915
2221916
2221931
2221932
2221933
2221934
2221935
2221936
2221937
2221938
2221939
2221951
2221952
2221953
2221954
2221955
2221956
2221957
2221958
2221962
2221963
2221964
2221965
2221966
2221967
2221968
2222006
2222007
2222008
2222019
2222020
2222021
2222022
2222023
2222024
2222025
2222026
2222027
2222028
2222029
2222030
2222031
2222032
2222033
2222034
2222035
2222036
2222037
2222038
2222039
2222040
2222041
2222042
2222043
2222044
2222045
2222046
2222047
2222048
2222049
2222050
2222051
2222052
2222053
2222054
2222055
2222056
2222057
2222058
2222059
2222060
2222061
2222062
2222063
2222064
2222065
2222066
2222067
2222068
2222069
2222070
2222071
2222072
2222073
2222074
2222075
2222076
2222077
2222078
2222079
2222080
2222081
2222082
2222083
2222084
2222085
2222086
2222087
2222088
2222089
2222090
2222124
2222125
2222126
2222127
2222128
2222129
2222130
2222131
2222132
2222133
2222134
2222135
2222136
2222137
2222138
2222139
2222140
2222141
2222142
2222143
2222144
2222145
2222146
2222147
2222148
2222149
2222150
2222151
2222152
2222153
2222154
2222155
2222156
2222157
2222158
2222159
2222160
2222161
2222162
2222163
2222164
2222165
2222166
2222167
2222168
2222169
2222170
2222171
2222172
2222173
2222174
2222175
2222176
2222177
2222178
2222179
2222180
2222181
2222182
2222183
2222184
2222185
2222186
2222187
2222188
2222189
2222190
2222191
2222192
2222193
2222194
2222195
2222196
2222197
2222198
2222199
2222200
2222201
2222202
2222203
2222204
2222205
2222206
2222207
2222208
2222209
2222210
2222211
2222212
2222213
2222214
2222215
2222216
2222237
2222238
2222239
2222240
2222241
2222242
2222243
2222260
2222261
2222262
2222263
2222264
2222265
2222266
2222267
2222268
2222269
2222270
2222271
2222272
2222273
2222274
2222275
2222276
2222277
2222278
2222279
2222280
2222281
2222282
2222283
2222284
2222285
2222286
2222287
2222288
2222289
2222290
2222291
2222292
2222293
2222294
2222295
2222296
2222297
2222298
2222299
2222300
2222301
2222302
2222303
2222304
2222305
2222306
2222307
2222308
2222309
2222310
2222311
2222312
2222313
2222314
2222315
2222316
2222317
2222318
2222319
2222320
2222321
2222322
2222323
2222324
2222325
2222326
2222327
2222328
2222329
2222330
2222331
2222332
2222333
2222334
2222335
2222336
2222337
2222338
2222339
2222340
2222341
2222342
2222343
2222344
2222345
2222346
2222347
2222348
2222349
2222350
2222351
2222352
2222353
2222354
2222355
2222356
2222357
2222358
2222359
2222388
2222389
2222390
2222391
2222392
2222393
2222394
2222395
2222396
2222401
2222402
2222403
2222404
2222405
2222406
2222407
2222408
2222409
2222410
2222411
2222412
2222413
2222414
2222415
2222416
2222417
2222418
2222419
2222420
2222421
2222422
2222423
2222424
2222425
2222426
2222427
2222428
2222429
2222430
2222431
2222432
2222433
2222434
2222435
2222436
2222437
2222438
2222439
2222440
2222441
2222442
2222443
2222444
2222445
2222446
2222447
2222448
2222449
2222450
2222451
2222452
2222453
2222454
2222455
2222456
2222457
2222458
2222459
2222460
2222461
2222462
2222463
2222464
2222465
2222466
2222467
2222468
2222469
2222470
2222471
2222472
2222473
2222474
2222475
2222476
2222477
2222478
2222479
2222480
2222481
2222482
2222483
2222484
2222485
2222486
2222487
2222488
2222489
2222490
2222491
2222492
2222493
2222494
2222495
2222496
2222502
2222503
2222504
2222505
2222506
2222522
2222523
2222524
2222525
2222531
2222532
2222533
2222534
2222541
2222542
2222543
2222544
2222545
2222546
2222547
2222548
2222549
2222550
2222551
2222552
2222553
2222554
2222555
2222556
2222557
2222558
2222559
2222560
2222561
2222562
2222563
2222564
2222565
2222566
2222567
2222568
2222569
2222570
2222571
2222572
2222573
2222574
2222575
2222576
2222577
2222578
2222579
2222580
2222581
2222582
2222583
2222584
2222585
2222586
2222587
2222588
2222589
2222590
2222591
2222592
2222593
2222594
2222595
2222596
2222597
2222598
2222599
2222600
2222601
2222602
2222603
2222604
2222605
2222606
2222607
2222608
2222609
2222610
2222611
2222612
2222613
2222614
2222615
2222616
2222617
2222618
2222619
2222620
2222621
2222622
2222623
2222624
2222625
2222626
2222627
2222628
2222629
2222630
2222631
2222632
2222633
2222634
2222635
2222636
2222637
2222638
2222639
2222640
2222641
2222652
2222653
2222654
2222655
2222656
2222657
2222658
2222673
2222674
2222675
2222676
2222677
2222678
2222679
2222680
2222681
2222682
2222683
2222684
2222685
2222686
2222687
2222688
2222689
2222690
2222691
2222692
2222693
2222694
2222695
2222696
2222697
2222698
2222699
2222700
2222701
2222702
2222703
2222704
2222705
2222706
2222707
2222708
2222709
2222710
2222711
2222712
2222713
2222714
2222715
2222716
2222717
2222718
2222719
2222720
2222721
2222722
2222723
2222724
2222725
2222726
2222727
2222728
2222729
2222730
2222731
2222732
2222733
2222734
2222735
2222736
2222737
2222738
2222739
2222740
2222741
2222742
2222743
2222744
2222745
2222746
2222747
2222748
2222749
2222750
2222751
2222752
2222753
2222754
2222755
2222756
2222757
2222758
2222759
2222760
2222761
2222762
2222763
2222764
2222765
2222766
2222767
2222768
2222769
2222770
2222771
2222807
2222808
2222809
2222810
2222811
2222812
2222813
2222814
2222815
2222816
2222817
2222818
2222819
2222820
2222821
2222822
2222823
2222824
2222825
2222826
2222827
2222828
2222829
2222830
2222831
2222832
2222833
2222834
2222835
2222836
2222837
2222838
2222839
2222840
2222841
2222842
2222843
2222844
2222845
2222846
2222847
2222848
2222849
2222850
2222851
2222852
2222853
2222854
2222855
2222856
2222857
2222858
2222859
2222860
2222861
2222862
2222863
2222864
2222865
2222866
2222867
2222868
2222869
2222870
2222871
2222872
2222873
2222874
2222875
2222876
2222877
2222878
2222879
2222880
2222881
2222882
2222883
2222884
2222885
2222886
2222887
2222888
2222889
2222890
2222891
2222892
2222893
2222894
2222895
2222896
2222908
2222909
2222910
2222921
2222922
2222923
2222924
2222925
2222926
2222927
2222928
2222929
2222930
2222931
2222932
2222933
2222934
2222935
2222936
2222937
2222938
2222939
2222940
2222941
2222942
2222943
2222944
2222945
2222946
2222947
2222948
2222949
2222950
2222951
2222952
2222953
2222954
2222955
2222956
2222957
2222958
2222959
2222960
2222961
2222962
2222963
2222964
2222965
2222966
2222967
2222968
2222969
2222970
2222971
2222972
2222973
2222974
2222975
2222976
2222977
2222978
2222979
2222980
2222981
2222982
2222983
2222984
2222985
2222986
2223015
2223016
2223017
2223018
2223036
2223037
2223038
2223039
2223045
2223051
2223052
2223053
2223054
2223055
2223067
2223068
2223069
2273202
2273216
2273223
2273235
2273241
2273283
2273288
2273295
2273300
2273308
2273349
2273359
2273360
2273365
2273366
2273625
2273626
2273627
2273628
2273629
2273630
2273631
2273632
2273633
2273634
2273635
2273636
2273637
2273638
2273639
2273640
2273641
2273642
2273643
2273644
2273645
2273646
2273647
2273648
2273649
2273650
2273651
2273652
2273653
2273660
2273661
2273662
2273672
2273673
2273674
2273675
2273676
2273677
2273678
2273679
2273680
2273681
2273682
2273683
2273684
2273685
2273686
2273687
2273688
2273689
2273690
2273691
2273692
2273693
2273694
2273695
2273696
2273697
2273698
2273699
2273700
2273701
2273702
2273710
2273711
2273712
2273727
2273728
2273732
2273733
2273734
2273735
2273738
2273739
2273740
2273747
2273751
2273752
2273753
2273754
2273755
2273756
2273757
2273758
2273759
2273760
2273761
2273762
2273763
2273764
2273765
2273766
2273767
2273768
2273769
2273775
2273776
2273777
2273781
2273782
2273783
2273784
2273785
2273786
2273787
2273788
2273789
2273790
2273791
2273792
2273793
2273794
2273795
2273796
2273797
2273798
2273799
2273800
2273808
2273809
2273810
2273815
2273816
2273817
2273818
2273819
2273820
2273821
2273822
2273823
2273824
2273825
2273826
2273827
2273828
2273829
2273830
2273831
2273832
2273833
2273834
2273842
2273843
2273844
2273849
2273850
2273854
2273859
2273860
2273861
2273862
2273863
2273866
2273867
2273868
2273869
2273870
2273873
2273874
2273875
2273880
2273881
2273882
2273887
2273888
2273889
2273896
2273897
2273898
2273899
2273900
2273901
2273904
2273912
2273913
2273914
2273915
2273916
2273917
2273918
2273919
2273920
2273921
2273922
2273923
2273924
2273925
2273926
2273927
2273928
2273929
2273930
2273931
2273932
2273939
2273940
2273941
2273947
2273948
2273949
2273950
2273951
2273952
2273953
2273954
2273955
2273956
2273957
2273958
2273959
2273960
2273961
2273962
2273963
2273964
2273965
2273966
2273971
2273972
2273973
2273979
2273980
2273981
2273982
2273983
2273984
2273985
2273986
2273987
2273988
2273989
2273990
2273991
2273992
2273993
2273994
2273995
2273996
2273997
2273998
2273999
2274005
2274006
2274007
2274013
2274014
2274016
2274017
2274018
2274019
2274020
2274021
2274028
2274029
2274030
2274031
2274032
2274033
2274038
2274039
2274040
2274041
2274042
2274043
2274466
2274480
2274492
2274496
2274499
2274527
2274531
2274609
2274610
2274615
2274823
2274824
2274827
2274828
2274834
2274835
2274838
2274843
2274844
2274846
2274847
2274853
2274854
2274858
2274859
2274907
2274913
2274918
2274920
2274921
2274927
2274932
2274935
2274942
2274943
2274945
2274946
2274952
2274956
2274957
2274960
2274966
2274968
2274969
2274975
2274976
2274983
2274984
2274991
2274995
2274997
2274999
2275004
2275006
2275007
2275014
2275015
2275022
2275027
2275028
2275030
2275148
2275149
2275152
2275154
2275155
2275157
2275159
2275161
2275162
2275164
2275165
2275166
2275167
2275168
2275170
2275172
2275174
2275176
2275177
2275179
2275180
2275181
2275182
2275183
2275184
2275185
2275187
2275189
2275191
2275193
2275195
2275197
2275199
2275201
2275203
2275205
2275206
2275207
2275208
2275209
2275210
2275212
2275213
2275216
2275218
2275220
2275221
2275224
2275226
2275306
2275307
2275309
2275310
2275311
2275320
2275322
2275325
2275328
2275329
2275331
2275333
2275334
2275336
2275339
2275341
2275344
2275375
2275379
2275380
2275386
2275387
2275388
2275389
2275391
2275396
2275397
2275398
2275399
2275400
2275406
2275407
2275408
2275409
2275411
2275449
2275450
2275453
2275454
2275455
2275458
2275459
2275460
2275464
2275465
2275470
2275474
2275478
2275485
2275486
2275489
2275490
2275491
2275494
2275495
2275565
2275566
2275568
2275569
2275571
2275572
2275574
2275575
2275576
2275578
2275579
2275581
2275582
2275584
2275585
2275586
2275588
2275589
2275616
2275620
2275621
2275625
2275627
2275630
2275635
2275637
2275641
2275643
2275647
2275651
2275653
2275657
2275660
2275662
2275664
2275666
2275670
2275672
2275673
2275677
2275680
2275682
2275683
2275685
2275690
2275692
2275693
2275801
2275802
2275803
2275804
2275805
2275806
2275807
2275808
2275809
2275810
2275811
2275812
2275813
2275814
2275815
2275816
2275817
2275818
2275819
2275820
2275821
2275822
2275823
2275824
2275825
2275826
2275827
2275828
2275829
2275830
2275831
2275832
2275833
2275834
2275835
2275836
2275837
2275838
2275839
2275840
2275841
2275859
2275860
2275861
2275862
2275865
2275866
2275867
2275868
2275869
2275870
2275871
2275873
2275874
2275875
2275876
2275879
2275880
2275881
2275882
2275884
2275885
2275886
2275887
2275888
2275889
2275890
2275891
2275892
2275893
2275894
2275895
2275896
2275897
2275898
2275899
2275900
2275901
2275902
2275904
2275905
2275906
2275907
2275912
2275913
2275914
2275915
2275916
2275917
2275918
2275921
2275922
2275923
2275924
2275925
2275926
2275927
2275928
2275929
2275930
2275931
2275935
2275936
2275937
2275938
2275940
2275941
2275942
2275943
2275944
2275945
2275946
2275947
2275948
2275949
2275950
2275955
2275956
2275957
2275958
2275960
2275961
2275962
2275963
2275964
2275965
2275966
2275967
2275968
2275969
2275970
2275971
2275972
2275973
2275974
2275975
2275978
2275979
2275980
2275981
2275982
2275983
2275984
2275985
2275986
2275987
2275988
2275990
2275991
2275992
2275993
2275994
2275995
2275996
2275997
2275998
2275999
2276000
2276187
2276189
2276191
2276192
2276194
2276218
2276219
2276221
2276222
2276223
2276224
2276226
2276227
2276250
2276255
2276363
2276365
2276367
2276369
2276380
2276381
2276382
2276468
2276469
2276470
2276471
2276472
2276477
2276478
2276479
2276480
2276481
2276482
2276483
2276484
2276485
2276486
2276487
2276488
2276489
2276490
2276491
2276492
2276493
2276494
2276495
2276496
2276497
2276498
2276499
2276500
2084442
2084443
2084444
2084446
2084447
2084450
2084451
2084452
2084453
2084454
2084455
2084456
2084457
2084458
2084459
2084460
2084461
2084462
2084463
2084464
2084465
2084466
2084467
2084468
2084469
2084470
2084471
2084473
2084474
2084477
2084478
2084479
2084480
2084481
2084482
2084483
2084484
2084485
2084486
2084487
2084488
2084489
2084490
2084491
2084492
2084493
2084494
2084495
2084496
2084497
2084498
2084499
2084500
2084501
2084502
2084503
2084504
2084505
2084506
2084507
2084508
2084509
2084510
2084511
2084512
2084513
2084514
2084515
2084516
2084517
2084518
2084519
2084520
2084521
2084522
2084523
2084524
2084525
2084526
2084527
2084528
2084529
2084530
2084531
2084532
2084533
2084534
2084535
2084536
2084537
2084538
2084539
2084540
2084541
2084542
2084543
2084544
2084545
2084546
2084547
2084548
2084549
2084550
2084551
2084552
2084553
2084554
2084555
2084556
2084557
2084558
2084559
2084560
2084561
2084562
2084563
2084564
2084565
2084566
2084567
2084568
2084569
2084570
2084571
2084572
2084573
2084574
2084575
2084576
2084577
2084578
2084579
2084580
2084582
2084583
2084584
2084585
2084586
2084587
2084588
2084589
2084590
2084591
2084592
2084593
2084594
2084595
2084596
2084597
2084598
2084599
2084600
2084601
2084602
2084603
2084604
2084605
2084606
2084607
2084608
2084609
2084610
2084611
2084612
2084613
2084614
2084615
2084616
2084617
2084618
2084619
2084620
2084621
2084622
2084623
2084624
2084625
2084626
2084627
2084628
2084629
2084630
2084631
2084632
2084633
2084634
2084635
2084636
2084637
2084638
2084639
2084640
2084641
2084642
2084643
2084644
2084645
2084646
2084647
2084648
2084649
2084650
2084651
2084652
2084653
2084654
2084655
2084656
2084657
2084658
2084659
2084660
2084661
2084662
2084663
2084664
2084665
2084666
2084667
2084668
2084669
2084670
2084671
2084672
2084673
2084674
2084675
2084676
2084677
2084678
2084679
2084680
2084681
2084682
2084683
2084684
2084685
2084686
2084687
2084688
2084690
2084691
2084692
2084693
2084694
2084695
2084696
2084697
2084698
2084699
2084700
2084701
2084702
2084703
2084704
2084705
2084706
2084707
2084708
2084709
2084710
2084711
2084712
2084713
2084714
2084715
2084716
2084717
2084718
2084719
2084720
2084721
2084722
2084723
2084724
2084725
2084726
2084727
2084728
2084729
2084730
2084731
2084732
2084733
2084734
2087013
2087014
2087016
2087017
2087018
2087019
2087020
2087021
2087022
2087024
2087026
2087027
2087028
2087029
2087030
2087031
2087032
2087033
2087034
2087035
2087036
2087037
2087038
2087039
2087040
2087041
2087042
2087043
2087044
2087045
2087046
2087047
2087048
2087049
2087050
2087051
2087054
2087055
2087058
2087060
2087061
2087062
2087063
2087066
2087067
2087068
2087069
2087070
2087071
2087072
2087073
2087074
2087075
2087076
2087077
2087078
2087079
2087080
2087081
2087082
2087083
2087084
2087085
2087086
2087087
2087088
2087089
2087090
2087091
2087092
2087093
2087094
2087095
2087096
2087097
2087098
2087099
2087100
2087101
2087102
2087103
2087104
2087105
2087106
2087107
2087108
2087109
2087110
2087111
2087112
2087113
2087114
2087115
2087116
2087117
2087118
2087119
2087120
2087121
2087122
2087123
2087124
2087125
2087126
2087128
2087129
2087130
2087131
2087132
2087133
2087134
2087135
2087136
2087137
2087138
2087139
2087140
2087142
2087148
2087149
2087151
2087152
2087153
2087154
2087155
2087156
2087157
2087158
2087159
2087160
2087161
2087162
2087163
2087164
2087165
2087166
2087167
2087168
2087169
2087170
2087171
2087172
2087173
2087174
2087175
2087176
2087177
2087178
2087179
2087180
2087181
2087182
2087183
2087184
2087185
2087186
2087187
2087188
2087189
2087190
2087191
2087192
2087193
2087194
2087195
2087196
2087197
2087198
2087199
2087200
2087201
2087202
2087203
2087204
2087205
2087206
2087207
2087208
2087209
2087210
2087211
2087212
2087213
2087214
2087215
2087216
2087217
2087218
2087219
2087220
2087221
2087222
2087223
2087224
2087225
2087226
2087227
2087228
2087229
2087230
2087231
2087232
2087233
2087234
2087235
2087237
2087238
2087239
2087240
2087241
2087242
2087243
2087244
2087245
2087246
2087248
2087249
2087252
2087253
2087254
2087255
2087256
2087257
2087258
2087261
2087262
2087263
2087264
2087265
2087266
2087267
2087268
2087269
2087270
2087271
2087272
2087273
2087274
2087275
2087276
2087277
2087278
2087279
2087280
2087281
2087282
2087283
2087284
2087285
2087286
2087287
2087288
2087289
2087290
2087291
2087292
2087293
2087294
2087295
2087296
2087297
2087298
2087299
2087300
2087301
2087302
2087303
2087304
2087305
2087306
2087307
2087308
2087309
2087310
2087311
2087312
2087313
2087314
2087315
2087316
2087317
2087318
2087319
2087320
2087321
2087322
2087323
2087324
2087325
2087326
2087327
2087328
2087329
2087330
2087331
2087332
2087333
2087334
2087335
2087336
2087337
2087338
2087339
2087340
2087341
2087342
2087343
2087344
2087345
2087346
2087347
2087348
2087349
2087350
2087351
2087352
2087353
2087354
2087355
2087356
2087357
2087358
2087359
2087360
2087362
2087363
2087364
2087365
2087366
2087368
2087369
2087370
2087371
2087372
2087373
2087374
2087375
2087376
2087377
2087378
2087379
2087380
2087381
2087382
2087383
2087384
2087385
2087386
2087387
2087388
2087389
2087390
2087391
2087392
2087393
2087394
2087395
2087396
2087397
2087398
2087399
2087400
2087401
2087402
2087403
2087404
2087405
2087406
2087407
2087408
2087409
2087410
2087411
2087412
2087413
2087414
2087415
2087416
2087417
2087418
2087419
2087420
2087421
2087422
2087423
2087424
2087425
2087426
2087427
2087428
2087429
2087430
2087431
2087432
2087433
2087434
2087435
2087436
2087437
2087438
2087439
2087440
2087441
2087442
2087443
2087444
2087445
2087446
2087447
2087448
2087449
2087450
2087451
2087452
2087453
2087454
2087455
2087456
2087457
2087458
2087459
2087460
2087461
2087462
2087463
2087464
2087465
2087466
2087467
2087468
2087469
2087470
2087471
2087472
2087473
2087474
2087475
2087477
2087481
2087482
2087483
2087484
2087485
2087486
2087487
2087488
2087489
2087490
2087491
2087492
2087493
2087494
2087495
2087496
2087497
2087498
2087499
2087500
2087501
2087502
2087503
2087504
2087505
2087506
2087507
2087508
2087509
2087510
2087511
2087512
2087513
2087514
2087515
2087516
2087517
2087518
2087519
2087520
2087521
2087522
2087523
2087524
2087525
2087526
2087527
2087528
2087529
2087530
2087531
2087532
2087533
2087534
2087535
2087536
2087537
2087538
2087539
2087540
2087541
2087542
2087543
2087544
2087545
2087546
2087547
2087548
2087549
2087550
2087551
2087552
2087553
2087554
2087555
2087556
2087557
2087558
2087559
2087560
2087561
2087562
2087563
2087564
2087565
2087566
2087567
2087568
2087569
2087570
2087571
2087572
2087573
2087574
2087575
2087576
2087577
2087578
2087579
2087580
2087581
2087582
2087583
2087584
2087585
2087586
2087587
2087589
2087590
2087591
2087592
2087593
2087594
2087595
2087599
2087600
2087601
2087602
2087603
2087604
2087605
2087608
2087609
2087610
2087611
2087612
2087613
2087614
2087615
2087616
2087617
2087618
2087619
2087620
2087621
2087622
2087623
2087624
2087625
2087626
2087627
2087628
2087629
2087630
2087631
2087632
2087633
2087634
2087635
2087636
2087637
2087638
2087639
2087640
2087641
2087642
2087643
2087644
2087645
2087646
2087647
2087648
2087649
2087650
2087651
2087652
2087653
2087654
2087655
2087656
2087657
2087658
2087659
2087660
2087661
2087662
2087663
2087664
2087665
2087666
2087667
2087668
2087669
2087670
2087671
2087672
2087673
2087674
2087675
2087676
2087677
2087678
2087679
2087680
2087681
2087682
2087683
2087684
2087685
2087686
2087687
2087688
2087689
2087690
2087691
2087692
2087693
2087694
2087695
2087696
2087697
2087698
2087699
2087700
2087701
2087702
2087703
2087704
2087705
2087706
2087709
2087710
2087712
2087713
2087714
2087715
2087716
2087718
2087719
2087720
2087721
2087722
2087723
2087725
2087726
2087727
2087728
2087729
2087730
2087731
2087732
2087733
2087734
2087735
2087736
2087737
2087738
2087739
2087740
2087741
2087742
2087743
2087744
2087745
2087746
2087747
2087748
2087749
2087750
2087751
2087752
2087753
2087754
2087755
2087756
2087757
2087758
2087759
2087760
2087761
2087762
2087763
2087764
2087765
2087766
2087767
2087768
2087769
2087770
2087771
2087772
2087773
2087774
2087775
2087776
2087777
2087778
2087779
2087780
2087781
2087782
2087783
2087784
2087785
2087786
2087787
2087788
2087789
2087790
2087791
2087792
2087793
2087794
2087795
2087796
2087797
2087798
2087799
2087800
2087801
2087802
2087803
2087804
2087805
2087808
2087809
2087813
2087814
2087815
2087817
2087823
2087824
2087825
2087826
2087827
2087829
2087830
2087831
2087832
2087833
2087834
2087835
2087836
2087837
2087838
2087839
2087840
2087841
2087842
2087843
2087844
2087845
2087846
2087847
2087848
2087849
2087850
2087851
2087852
2087853
2087854
2087855
2087856
2087857
2087858
2087859
2087860
2087861
2087862
2087863
2087864
2087865
2087866
2087867
2087868
2087869
2087870
2087871
2087872
2087873
2087874
2087875
2087876
2087877
2087878
2087879
2087880
2087881
2087882
2087883
2087884
2087885
2087886
2087887
2087888
2087889
2087890
2087891
2087894
2087895
2087898
2087900
2087907
2087908
2087911
2087912
2087913
2087914
2087916
2087917
2087918
2087919
2087920
2087921
2087922
2087924
2087928
2087929
2087930
2087931
2087932
2087934
2087935
2087936
2087940
2087941
2087942
)


// ************************************************************************* //
