/*--------------------------------*- C++ -*----------------------------------*\
| =========                 |                                                 |
| \\      /  F ield         | OpenFOAM: The Open Source CFD Toolbox           |
|  \\    /   O peration     | Version:  v2012                                 |
|   \\  /    A nd           | Website:  www.openfoam.com                      |
|    \\/     M anipulation  |                                                 |
\*---------------------------------------------------------------------------*/
FoamFile
{
    version     2.0;
    format      ascii;
    class       faceSet;
    location    "constant/polyMesh/sets";
    object      topPatch;
}
// * * * * * * * * * * * * * * * * * * * * * * * * * * * * * * * * * * * * * //


9040
(
2161866
2161867
2161868
2161869
2161877
2161878
2161879
2161880
2161881
2161882
2161883
2161884
2161885
2161886
2161887
2161888
2161889
2161890
2161891
2161892
2161894
2161895
2161896
2161897
2161898
2161899
2161900
2161903
2161904
2161905
2161906
2161907
2161908
2161909
2161910
2161911
2161912
2161913
2161914
2161915
2161916
2161917
2161918
2161919
2161920
2161923
2161924
2161925
2161928
2161929
2161930
2161931
2161932
2161933
2161934
2161935
2161936
2161937
2161938
2161939
2161940
2161941
2161942
2161943
2161944
2161945
2161946
2161947
2161948
2161949
2161956
2161957
2161958
2161959
2161960
2161961
2161962
2161963
2161964
2161965
2161966
2161967
2161968
2161969
2161970
2161971
2161984
2161985
2161986
2161987
2162006
2162007
2162008
2162009
2162010
2162011
2162012
2162013
2162014
2162015
2162016
2162017
2162018
2162019
2162020
2162021
2162022
2162023
2162024
2162025
2162026
2162027
2162028
2162029
2162030
2162031
2162032
2162033
2162034
2162035
2162036
2162037
2162038
2162039
2162040
2162041
2162042
2162043
2162044
2162045
2162046
2162047
2162048
2162049
2162050
2162051
2162052
2162053
2162054
2162055
2162056
2162057
2162058
2162059
2162060
2162061
2162062
2162063
2162064
2162065
2162066
2162067
2162068
2162069
2162070
2162071
2162072
2162073
2162074
2162075
2162076
2162077
2162078
2162079
2162080
2162081
2162082
2162083
2162084
2162085
2162086
2162087
2162088
2162089
2162090
2162091
2162092
2162093
2162094
2162095
2162096
2162097
2162098
2162099
2162100
2162101
2162102
2162103
2162104
2162105
2162106
2162107
2162108
2162109
2162110
2162111
2162112
2162113
2162114
2162115
2162116
2162117
2162118
2162119
2162120
2162121
2162122
2162123
2162124
2162125
2162126
2162127
2162128
2162129
2162130
2162131
2162132
2162133
2162134
2162135
2162136
2162137
2162138
2162139
2162140
2162141
2162142
2162143
2162144
2162145
2162146
2162147
2162148
2162149
2162150
2162151
2162152
2162153
2162154
2162155
2162156
2162157
2162158
2162159
2162160
2162161
2162162
2162163
2162164
2162165
2162166
2162167
2162168
2162169
2162170
2162171
2162172
2162173
2162174
2162175
2162176
2162177
2162178
2162179
2162180
2162181
2162182
2162183
2162184
2162185
2162186
2162187
2162188
2162189
2162190
2162191
2162192
2162193
2162194
2162195
2162196
2162197
2162198
2162199
2162200
2162201
2162202
2162203
2162204
2162205
2162206
2162207
2162208
2162218
2162219
2162220
2162221
2162222
2162223
2162224
2162225
2162226
2162238
2162239
2162240
2162241
2162242
2162243
2162244
2162245
2162246
2162247
2162248
2162249
2162250
2162251
2162252
2162253
2162254
2162255
2162256
2162257
2162258
2162259
2162260
2162261
2162262
2162263
2162264
2162265
2162266
2162267
2162268
2162269
2162270
2162271
2162272
2162273
2162274
2162275
2162276
2162277
2162278
2162279
2162280
2162281
2162282
2162283
2162284
2162285
2162286
2162287
2162288
2162289
2162290
2162291
2162292
2162293
2162294
2162295
2162296
2162297
2162298
2162299
2162300
2162301
2162302
2162303
2162304
2162305
2162306
2162307
2162308
2162309
2162310
2162311
2162312
2162313
2162314
2162315
2162316
2162317
2162318
2162319
2162320
2162321
2162322
2162323
2162324
2162325
2162326
2162327
2162328
2162329
2162330
2162331
2162332
2162333
2162334
2162335
2162336
2162337
2162338
2162339
2162340
2162341
2162342
2162343
2162344
2162345
2162346
2162347
2162348
2162349
2162350
2162351
2162352
2162353
2162354
2162355
2162356
2162357
2162358
2162359
2162360
2162361
2162362
2162363
2162364
2162365
2162366
2162367
2162368
2162369
2162370
2162371
2162372
2162373
2162374
2162375
2162376
2162377
2162378
2162379
2162380
2162381
2162382
2162383
2162384
2162385
2162386
2162387
2162388
2162389
2162390
2162391
2162392
2162393
2162394
2162395
2162396
2162397
2162398
2162399
2162400
2162401
2162402
2162403
2162404
2162405
2162406
2162407
2162408
2162409
2162410
2162411
2162412
2162413
2162414
2162415
2162416
2162417
2162418
2162419
2162420
2162421
2162422
2162423
2162424
2162425
2162426
2162427
2162428
2162429
2162430
2162431
2162432
2162433
2162434
2162435
2162436
2162437
2162438
2162439
2162440
2162441
2162442
2162443
2162444
2162445
2162446
2162447
2162448
2162449
2162450
2162451
2162452
2162453
2162454
2162455
2162456
2162457
2162458
2162459
2162460
2162461
2162462
2162463
2162464
2162465
2162466
2162467
2162468
2162469
2162470
2162471
2162472
2162473
2162474
2162475
2162476
2162477
2162478
2162479
2162480
2162481
2162482
2162483
2162484
2162485
2162486
2162487
2162488
2162489
2162490
2162491
2162492
2162493
2162494
2162495
2162496
2162497
2162498
2162499
2162506
2162507
2162508
2162509
2162516
2162517
2162518
2162519
2162520
2162521
2162522
2162523
2162525
2162526
2162527
2162528
2162529
2162530
2162531
2162532
2162533
2162534
2162535
2162536
2162537
2162538
2162539
2162540
2162541
2162542
2162543
2162544
2162545
2162546
2162547
2162548
2162549
2162550
2162551
2162552
2162553
2162554
2162555
2162556
2162557
2162558
2162559
2162560
2162561
2162562
2162563
2162564
2162565
2162566
2162567
2162568
2162569
2162570
2162571
2162572
2162573
2162574
2162575
2162576
2162577
2162578
2162579
2162580
2162581
2162582
2162583
2162584
2162585
2162586
2162587
2162588
2162589
2162590
2162591
2162592
2162593
2162594
2162595
2162596
2162597
2162598
2162599
2162600
2162601
2162602
2162603
2162604
2162605
2162606
2162607
2162608
2162609
2162610
2162611
2162612
2162613
2162614
2162615
2162616
2162617
2162618
2162619
2162620
2162621
2162622
2162623
2162624
2162625
2162626
2162627
2162628
2162629
2162630
2162631
2162632
2162633
2162634
2162635
2162636
2162637
2162638
2162639
2162640
2162641
2162642
2162643
2162644
2162645
2162646
2162647
2162648
2162649
2162650
2162651
2162652
2162653
2162654
2162655
2162656
2162657
2162658
2162659
2162660
2162661
2162662
2162663
2162664
2162665
2162666
2162667
2162668
2162669
2162670
2162671
2162672
2162673
2162674
2162675
2162676
2162677
2162678
2162679
2162680
2162681
2162682
2162683
2162684
2162685
2162686
2162687
2162688
2162689
2162690
2162691
2162692
2162693
2162694
2162695
2162696
2162697
2162698
2162699
2162700
2162701
2162702
2162703
2162704
2162705
2162706
2162707
2162708
2162709
2162710
2162711
2162712
2162713
2162714
2162715
2162716
2162717
2162718
2162719
2162720
2162721
2162722
2162723
2162724
2162725
2162726
2162727
2162728
2162729
2162730
2162731
2162732
2162733
2162734
2162735
2162736
2162737
2162738
2162739
2162740
2162741
2162742
2162743
2162744
2162745
2162746
2162747
2162748
2162749
2162750
2162751
2162752
2162753
2162754
2162755
2162756
2162757
2162758
2162759
2162760
2162761
2162762
2162763
2162764
2162765
2162766
2162767
2162768
2162769
2162770
2162771
2162772
2162773
2162774
2162775
2162776
2162777
2162778
2162779
2162780
2162781
2162782
2162783
2162784
2162785
2162786
2162787
2162788
2162799
2162800
2162801
2162802
2162803
2162804
2162805
2162806
2162807
2162808
2162809
2162810
2162811
2162812
2162813
2162814
2162817
2162818
2162819
2162820
2162821
2162822
2162823
2162824
2162825
2162826
2162827
2162828
2162829
2162830
2162831
2162834
2162835
2162836
2162837
2162838
2162839
2162840
2162841
2162842
2162843
2162844
2162845
2162846
2162847
2162848
2162849
2162850
2162851
2162852
2162853
2162854
2162855
2162856
2162857
2162858
2162859
2162860
2162861
2162862
2162863
2162864
2162865
2162866
2162867
2162868
2162869
2162870
2162871
2162872
2162873
2162874
2162875
2162876
2162877
2162878
2162879
2162880
2162881
2162882
2162883
2162884
2162885
2162886
2162887
2162888
2162889
2162890
2162891
2162892
2162893
2162894
2162895
2162896
2162897
2162898
2162899
2162900
2162901
2162902
2162903
2162904
2162905
2162906
2162907
2162908
2162909
2162910
2162911
2162912
2162913
2162914
2162915
2162916
2162917
2162918
2162919
2162920
2162921
2162922
2162923
2162924
2162925
2162926
2162927
2162928
2162929
2162930
2162931
2162932
2162933
2162934
2162935
2162936
2162937
2162938
2162939
2162940
2162941
2162942
2162943
2162944
2162945
2162946
2162947
2162948
2162949
2162950
2162951
2162952
2162953
2162954
2162955
2162956
2162957
2162958
2162959
2162960
2162961
2162962
2162963
2162964
2162965
2162966
2162967
2162968
2162969
2162970
2162971
2162972
2162973
2162974
2162975
2162976
2162977
2162978
2162979
2162980
2162981
2162982
2162983
2162984
2162985
2162986
2162987
2162988
2162989
2162990
2162991
2162992
2162993
2162994
2162995
2162996
2162997
2162998
2162999
2163000
2163001
2163002
2163003
2163004
2163005
2163006
2163007
2163008
2163009
2163010
2163011
2163012
2163013
2163014
2163015
2163016
2163017
2163018
2163019
2163020
2163021
2163022
2163023
2163024
2163025
2163026
2163027
2163028
2163029
2163030
2163031
2163032
2163033
2163034
2163035
2163036
2163037
2163038
2163039
2163040
2163041
2163042
2163043
2163044
2163045
2163046
2163047
2163048
2163049
2163050
2163051
2163052
2163053
2163054
2163055
2163056
2163057
2163058
2163059
2163060
2163061
2163062
2163063
2163064
2163065
2163066
2163067
2163068
2163069
2163070
2163071
2163072
2163073
2163074
2163075
2163076
2163077
2163078
2163079
2163080
2163081
2163082
2163083
2163084
2163085
2163086
2163087
2163088
2163089
2163090
2163091
2163092
2163093
2163094
2163095
2163096
2163097
2163098
2163099
2163111
2163112
2163113
2163114
2163115
2163116
2163117
2163118
2163119
2163120
2163121
2163122
2163123
2163124
2163125
2163126
2163127
2163128
2163129
2163130
2163131
2163132
2163133
2163136
2163137
2163141
2163142
2163143
2163145
2163146
2163148
2163149
2163150
2163151
2163152
2163153
2163154
2163155
2163156
2163157
2163158
2163159
2163160
2163161
2163162
2163163
2163164
2163165
2163166
2163167
2163168
2163169
2163170
2163171
2163172
2163173
2163174
2163175
2163176
2163177
2163178
2163179
2163180
2163181
2163182
2163183
2163184
2163185
2163186
2163187
2163188
2163189
2163190
2163191
2163192
2163193
2163194
2163195
2163196
2163197
2163198
2163199
2163200
2163201
2163202
2163203
2163204
2163205
2163206
2163207
2163208
2163209
2163210
2163211
2163212
2163213
2163214
2163215
2163216
2163217
2163218
2163219
2163220
2163221
2163222
2163223
2163224
2163225
2163226
2163227
2163228
2163229
2163230
2163231
2163232
2163233
2163234
2163235
2163236
2163237
2163238
2163239
2163240
2163241
2163242
2163243
2163244
2163245
2163246
2163247
2163248
2163249
2163250
2163251
2163252
2163253
2163254
2163255
2163256
2163257
2163258
2163259
2163260
2163261
2163262
2163263
2163264
2163265
2163266
2163267
2163268
2163269
2163270
2163271
2163272
2163273
2163274
2163275
2163276
2163277
2163278
2163279
2163280
2163281
2163282
2163283
2163284
2163285
2163286
2163287
2163288
2163289
2163290
2163291
2163292
2163293
2163294
2163295
2163296
2163297
2163298
2163299
2163300
2163301
2163302
2163303
2163304
2163305
2163306
2163307
2163308
2163309
2163310
2163311
2163312
2163313
2163314
2163315
2163316
2163317
2163318
2163319
2163320
2163321
2163322
2163323
2163324
2163325
2163326
2163327
2163328
2163329
2163330
2163331
2163332
2163333
2163334
2163335
2163336
2163337
2163338
2163339
2163340
2163341
2163342
2163343
2163344
2163345
2163346
2163347
2163348
2163349
2163350
2163351
2163352
2163353
2163354
2163355
2163356
2163357
2163358
2163359
2163360
2163361
2163362
2163363
2163364
2163365
2163366
2163367
2163368
2163369
2163370
2163371
2163372
2163373
2163374
2163375
2163376
2163377
2163378
2163379
2163380
2163381
2163382
2163383
2163384
2163385
2163386
2163387
2163388
2163389
2163390
2163391
2163392
2163393
2163394
2163395
2163396
2163397
2163398
2163399
2163400
2163401
2163402
2163403
2163404
2163405
2163406
2163407
2163408
2163409
2163410
2163411
2163412
2163413
2163414
2163415
2163416
2163417
2163418
2163419
2163420
2163421
2163422
2163423
2163431
2163432
2163433
2163434
2163435
2163436
2163437
2163438
2163439
2163440
2163441
2163443
2163444
2163446
2163447
2163448
2163449
2163450
2163451
2163452
2163453
2163454
2163455
2163456
2163457
2163464
2163465
2163466
2163467
2163468
2163469
2163470
2163471
2163472
2163473
2163474
2163475
2163476
2163477
2163478
2163479
2163480
2163481
2163482
2163483
2163484
2163485
2163486
2163487
2163488
2163489
2163490
2163491
2163492
2163493
2163494
2163495
2163496
2163497
2163498
2163499
2163500
2163501
2163502
2163503
2163504
2163505
2163506
2163507
2163508
2163509
2163510
2163511
2163512
2163513
2163514
2163515
2163516
2163517
2163518
2163519
2163520
2163521
2163522
2163523
2163524
2163525
2163526
2163527
2163528
2163529
2163530
2163531
2163532
2163533
2163534
2163535
2163536
2163537
2163538
2163539
2163540
2163541
2163542
2163543
2163544
2163545
2163546
2163547
2163548
2163549
2163550
2163551
2163552
2163553
2163554
2163555
2163556
2163557
2163558
2163559
2163560
2163561
2163562
2163563
2163564
2163565
2163566
2163567
2163568
2163569
2163570
2163571
2163572
2163573
2163574
2163575
2163576
2163577
2163578
2163579
2163580
2163581
2163582
2163583
2163584
2163585
2163586
2163587
2163588
2163589
2163590
2163591
2163592
2163593
2163594
2163595
2163596
2163597
2163598
2163599
2163600
2163601
2163602
2163603
2163604
2163605
2163606
2163607
2163608
2163609
2163610
2163611
2163612
2163613
2163614
2163615
2163616
2163617
2163618
2163619
2163620
2163621
2163622
2163623
2163624
2163625
2163626
2163627
2163628
2163629
2163630
2163631
2163632
2163633
2163634
2163635
2163636
2163637
2163638
2163639
2163640
2163641
2163642
2163643
2163644
2163645
2163646
2163647
2163648
2163649
2163650
2163651
2163652
2163653
2163654
2163655
2163656
2163657
2163658
2163659
2163660
2163661
2163662
2163663
2163664
2163665
2163666
2163667
2163668
2163669
2163670
2163671
2163672
2163673
2163674
2163675
2163676
2163677
2163678
2163679
2163680
2163681
2163682
2163683
2163684
2163685
2163686
2163687
2163688
2163689
2163690
2163691
2163692
2163693
2163694
2163695
2163696
2163697
2163698
2163699
2163700
2163701
2163702
2163703
2163704
2163705
2163706
2163707
2163708
2163709
2163710
2163711
2163712
2163713
2163714
2163715
2163716
2163717
2163718
2163719
2163720
2163721
2163722
2163723
2163724
2163725
2163726
2163727
2163728
2163729
2163730
2163731
2163732
2163733
2163734
2163735
2163748
2163749
2163750
2163751
2163752
2163753
2163754
2163755
2163757
2163758
2163759
2163760
2163761
2163762
2163763
2163764
2163776
2163777
2163778
2163779
2163780
2163781
2163782
2163783
2163784
2163785
2163786
2163787
2163788
2163789
2163790
2163791
2163792
2163793
2163794
2163795
2163796
2163797
2163798
2163799
2163800
2163801
2163802
2163803
2163804
2163805
2163806
2163807
2163808
2163809
2163810
2163811
2163812
2163813
2163814
2163815
2163816
2163817
2163818
2163819
2163820
2163821
2163822
2163823
2163824
2163825
2163826
2163827
2163828
2163829
2163830
2163831
2163832
2163833
2163834
2163835
2163836
2163837
2163838
2163839
2163840
2163841
2163842
2163843
2163844
2163845
2163846
2163847
2163848
2163849
2163850
2163851
2163852
2163853
2163854
2163855
2163856
2163857
2163858
2163859
2163860
2163861
2163862
2163863
2163864
2163865
2163866
2163867
2163868
2163869
2163870
2163871
2163872
2163873
2163874
2163875
2163876
2163877
2163878
2163879
2163880
2163881
2163882
2163883
2163884
2163885
2163886
2163887
2163888
2163889
2163890
2163891
2163892
2163893
2163894
2163895
2163896
2163897
2163898
2163899
2163900
2163901
2163902
2163903
2163904
2163905
2163906
2163907
2163908
2163909
2163910
2163911
2163912
2163913
2163914
2163915
2163916
2163917
2163918
2163919
2163920
2163921
2163922
2163923
2163924
2163925
2163926
2163927
2163928
2163929
2163930
2163931
2163932
2163933
2163934
2163935
2163936
2163937
2163938
2163939
2163940
2163941
2163942
2163943
2163944
2163945
2163946
2163947
2163948
2163949
2163950
2163951
2163952
2163953
2163954
2163955
2163956
2163957
2163958
2163959
2163960
2163961
2163962
2163963
2163964
2163965
2163966
2163967
2163968
2163969
2163970
2163971
2163972
2163973
2163974
2163975
2163976
2163977
2163978
2163979
2163980
2163981
2163982
2163983
2163984
2163985
2163986
2163987
2163988
2163989
2163990
2163991
2163992
2163993
2163994
2163995
2163996
2163997
2163998
2163999
2164000
2164001
2164002
2164003
2164004
2164007
2164008
2164009
2164010
2164011
2164012
2164013
2164014
2164015
2164016
2164017
2164018
2164019
2164020
2164021
2164022
2164023
2164024
2164025
2164026
2164027
2164028
2164029
2164030
2164031
2164032
2164033
2164034
2164035
2164036
2164037
2164038
2164039
2164045
2164046
2164047
2164048
2164060
2164061
2164062
2164063
2164064
2164065
2164066
2164067
2164068
2164071
2164072
2164073
2164074
2164075
2164076
2164077
2164078
2164079
2164080
2164081
2164082
2164083
2164084
2164085
2164086
2164087
2164088
2164089
2164090
2164091
2164092
2164093
2164094
2164095
2164096
2164097
2164098
2164099
2164100
2164101
2164102
2164103
2164104
2164105
2164106
2164107
2164108
2164109
2164110
2164111
2164112
2164113
2164114
2164115
2164116
2164117
2164118
2164119
2164120
2164121
2164122
2164123
2164124
2164125
2164126
2164127
2164128
2164129
2164130
2164131
2164132
2164133
2164134
2164135
2164136
2164137
2164138
2164139
2164140
2164141
2164142
2164143
2164144
2164145
2164146
2164147
2164148
2164149
2164150
2164151
2164152
2164153
2164154
2164155
2164156
2164157
2164158
2164159
2164160
2164161
2164162
2164163
2164164
2164165
2164166
2164167
2164168
2164169
2164170
2164171
2164172
2164173
2164174
2164175
2164176
2164177
2164178
2164179
2164180
2164181
2164182
2164183
2164184
2164185
2164186
2164187
2164188
2164189
2164190
2164191
2164192
2164193
2164194
2164195
2164196
2164197
2164198
2164199
2164200
2164201
2164202
2164203
2164204
2164205
2164206
2164207
2164208
2164209
2164210
2164211
2164212
2164213
2164214
2164215
2164216
2164217
2164218
2164219
2164220
2164221
2164222
2164223
2164224
2164225
2164226
2164227
2164228
2164229
2164230
2164231
2164234
2164235
2164236
2164237
2164238
2164239
2164240
2164241
2164242
2164243
2164244
2164245
2164246
2164247
2164248
2164249
2164250
2164251
2164252
2164253
2164254
2164255
2164256
2164257
2164258
2164259
2164260
2164261
2164262
2164263
2164264
2164265
2164266
2164283
2164284
2164285
2164286
2164287
2164288
2164289
2164290
2164291
2164302
2164303
2164304
2164305
2164318
2164319
2164320
2164321
2164322
2164323
2164324
2164325
2164326
2164327
2164328
2164329
2164330
2164331
2164332
2164333
2164345
2164346
2164347
2164348
2164349
2164350
2164351
2164352
2164353
2164354
2164355
2164356
2164357
2164358
2164359
2164360
2164361
2164362
2164363
2164364
2164365
2164366
2164367
2164369
2164370
2164375
2164376
2164377
2164378
2164379
2164380
2164381
2164382
2164383
2164384
2164385
2164386
2164387
2164388
2164389
2164390
2164391
2164392
2164393
2164395
2164396
2164398
2164399
2164400
2164401
2164414
2164415
2164416
2164417
2164418
2164419
2164420
2164421
2164422
2164423
2164424
2164425
2164426
2164427
2164428
2164429
2164437
2164438
2164439
2164440
2164649
2164651
2164652
2164653
2164654
2164657
2164658
2164659
2164660
2164661
2164663
2164664
2164665
2164666
2164667
2164668
2164669
2164671
2164672
2164673
2164674
2164675
2164676
2164679
2164681
2164682
2164683
2164684
2164685
2164686
2164688
2164689
2164690
2164692
2164693
2164694
2164695
2164696
2164697
2164698
2164699
2164700
2164701
2164702
2164704
2164705
2164706
2164708
2164709
2164711
2164712
2164713
2164714
2164715
2164716
2164717
2164718
2164719
2164720
2164721
2164722
2164723
2164725
2164726
2164727
2164728
2164733
2164734
2164735
2164736
2164737
2164739
2164740
2164741
2164742
2164743
2164744
2164745
2164746
2164747
2164749
2164750
2164751
2164752
2164753
2164754
2164755
2164757
2164758
2164759
2164760
2164761
2164762
2164763
2164764
2164765
2164767
2164768
2164769
2164770
2164771
2164772
2164777
2164779
2164780
2164781
2164782
2164783
2164784
2164785
2164786
2164787
2164788
2164789
2164790
2164791
2164793
2164794
2164795
2164796
2164797
2164798
2164800
2164801
2164802
2164804
2164805
2164806
2164807
2164808
2164809
2164810
2164811
2164812
2164813
2164814
2164816
2164817
2164818
2164820
2164821
2164823
2164824
2164825
2164826
2164829
2164830
2164831
2164832
2164833
2164835
2164836
2164837
2164838
2164839
2164840
2164841
2164843
2164844
2164845
2164846
2164847
2164848
2164851
2164853
2164854
2164855
2164856
2165509
2165510
2165512
2165514
2165515
2165516
2165518
2165519
2165520
2165522
2165523
2165524
2165526
2165527
2165528
2165529
2165530
2165531
2165532
2165533
2165534
2165535
2165536
2165537
2165539
2165540
2165541
2165542
2165543
2165544
2165545
2165546
2165547
2165548
2165550
2165551
2165552
2165554
2165555
2165557
2165558
2165559
2165561
2165562
2165564
2165565
2165566
2165567
2165568
2165569
2165570
2165571
2165572
2165579
2165581
2165582
2165583
2165584
2165585
2165586
2165587
2165588
2165589
2165590
2165605
2165606
2165608
2165610
2165611
2165612
2165614
2165615
2165616
2165618
2165619
2165621
2165622
2165623
2165624
2165625
2165628
2165629
2165630
2165631
2165632
2165634
2165635
2165636
2165637
2165638
2165639
2165640
2165641
2165643
2165644
2165645
2165646
2165647
2165650
2165651
2165652
2165653
2165654
2165667
2165668
2165670
2165672
2165673
2165674
2165676
2165677
2165678
2165679
2165680
2165681
2165682
2165683
2165684
2165685
2165686
2165687
2165688
2165693
2165694
2165696
2165698
2165699
2165700
2165702
2165703
2165704
2165705
2165706
2165707
2165709
2165710
2165711
2165712
2165713
2165714
2165715
2165716
2165717
2165724
2165726
2165727
2165728
2165729
2165730
2165731
2165732
2165733
2165734
2165735
2165736
2165737
2165739
2165740
2165741
2165742
2165743
2165744
2165745
2165746
2165747
2165748
2165750
2165751
2165752
2165753
2165754
2165756
2165757
2165758
2165759
2165760
2165761
2165762
2165763
2165764
2165765
2165767
2165768
2165769
2165771
2165772
2165774
2165775
2165776
2165778
2165779
2165781
2165782
2165783
2165784
2165785
2165786
2165787
2165788
2165789
2165790
2165792
2165793
2165794
2165795
2165796
2165798
2165799
2165800
2165801
2165802
2165803
2165804
2165805
2165806
2165813
2165815
2165816
2165817
2165818
2165819
2165820
2165821
2165822
2165823
2165824
2165831
2165833
2165834
2165835
2165836
2165837
2165838
2165839
2165840
2165841
2165842
2165843
2165854
2165855
2165857
2165859
2165860
2165861
2165863
2165864
2165865
2165866
2165867
2165868
2165869
2165870
2165871
2165872
2165873
2165874
2165875
2165884
2165885
2165887
2165889
2165890
2165891
2165893
2165894
2165895
2165897
2165898
2165900
2165901
2165902
2165903
2165904
2165907
2165908
2165909
2165910
2165911
2165913
2165914
2165915
2165916
2165917
2165918
2165919
2165920
2165922
2165923
2165924
2165925
2165926
2165929
2165930
2165931
2165932
2165933
2165939
2165940
2165942
2165944
2165945
2165946
2165948
2165949
2165950
2165952
2165953
2165960
2165962
2165963
2165964
2165965
2165966
2165967
2165968
2165969
2165970
2165971
2165972
2165973
2165975
2165976
2165977
2165978
2165979
2165980
2165981
2165982
2165983
2165984
2165986
2165987
2165988
2165990
2165991
2165993
2165994
2165995
2165996
2165997
2165999
2166000
2166001
2166002
2166003
2166004
2166005
2166006
2166007
2166014
2166016
2166017
2166018
2166019
2166020
2166021
2166022
2166023
2166024
2166025
2166026
2166027
2166035
2166036
2166038
2166040
2166041
2166042
2166044
2166045
2166046
2166047
2166048
2166227
2166228
2166229
2166230
2166232
2166233
2166234
2166236
2166237
2166238
2166239
2166240
2166241
2166242
2166251
2166252
2166253
2166254
2166255
2166256
2166257
2166258
2166263
2166264
2166265
2166266
2166267
2166268
2166269
2166271
2166277
2166278
2166279
2166280
2166281
2166282
2166283
2166284
2166286
2166287
2166288
2166291
2166292
2166293
2166295
2166296
2166298
2166301
2166302
2166303
2166304
2166305
2166306
2166307
2166308
2166309
2166310
2166311
2166319
2166320
2166321
2166322
2166323
2166324
2166325
2166327
2166336
2166337
2166338
2166339
2166340
2166341
2166342
2166343
2166347
2166348
2166349
2166350
2166353
2166354
2166355
2166358
2166359
2166360
2166361
2166362
2166363
2166364
2166415
2166416
2166417
2166418
2166419
2166420
2166421
2166422
2166423
2166424
2166425
2166426
2166427
2166428
2166429
2166430
2166431
2166432
2166433
2166434
2166436
2166437
2166438
2166440
2166441
2166442
2166443
2166444
2166445
2166446
2166447
2166448
2166449
2166450
2166451
2166452
2166453
2166455
2166456
2166457
2166458
2166459
2166460
2166461
2166853
2166854
2166855
2166856
2166857
2166858
2166859
2166860
2166861
2166862
2166863
2166864
2166865
2166866
2166867
2166868
2166869
2166870
2166871
2166872
2166873
2166874
2166875
2166877
2166878
2166879
2166880
2166881
2166882
2166883
2166884
2166885
2166886
2166887
2166888
2166889
2166890
2166895
2166897
2166898
2166899
2166900
2166901
2166902
2166903
2166904
2166905
2166916
2166917
2166918
2166919
2166920
2166921
2166922
2166923
2166924
2166925
2166926
2166927
2166928
2166929
2166930
2166931
2166932
2166933
2166934
2166935
2166936
2166937
2166938
2166939
2166940
2166941
2166947
2166948
2166949
2166950
2166951
2166952
2166953
2166954
2166955
2166956
2166957
2166958
2166959
2166960
2166961
2166962
2166963
2166964
2166969
2166970
2166971
2166972
2166973
2166974
2166975
2166976
2166977
2166978
2166979
2166980
2166981
2166982
2166983
2166984
2166985
2166991
2166992
2166993
2166994
2166995
2166996
2166997
2166998
2166999
2167000
2167001
2167002
2167003
2167004
2167005
2167006
2167007
2167008
2167009
2167010
2167011
2167012
2167013
2167015
2167016
2167017
2167018
2167019
2167020
2167021
2167022
2167023
2167024
2167025
2167026
2167027
2167028
2167030
2167031
2167032
2167033
2167034
2167035
2167036
2167037
2167038
2167039
2167040
2167041
2167042
2167043
2167045
2167046
2167047
2167048
2167049
2167050
2167051
2167052
2167053
2167054
2167055
2167056
2167057
2167058
2167061
2167063
2167064
2167065
2167066
2167067
2167068
2167069
2167070
2167071
2167072
2167073
2167074
2167075
2167076
2167077
2167078
2167079
2167080
2167082
2167083
2167084
2167085
2167086
2167087
2167088
2167089
2167090
2167097
2167098
2167099
2167100
2167101
2167102
2167103
2167104
2167105
2167106
2167107
2167108
2167109
2167110
2167111
2167112
2167113
2167114
2167115
2167116
2167117
2167118
2167119
2167120
2167121
2167122
2167135
2167136
2167137
2167138
2167139
2167140
2167141
2167142
2167143
2167144
2167145
2167146
2167147
2167148
2167149
2167150
2167151
2167152
2167156
2167157
2167158
2167159
2167160
2167161
2167162
2167163
2167164
2167166
2167167
2167168
2167169
2167170
2167171
2167172
2167173
2167174
2167175
2167176
2167177
2167178
2167179
2167181
2167182
2167183
2167184
2167185
2167186
2167187
2167188
2167189
2167190
2167191
2167192
2167193
2167194
2167195
2167197
2167198
2167199
2167200
2167201
2167202
2167203
2167204
2167205
2167735
2167736
2167737
2167738
2167740
2167741
2167743
2167745
2167746
2167747
2167748
2167749
2167751
2167752
2167753
2167754
2167755
2167756
2167758
2167759
2167760
2167762
2167763
2167765
2167766
2167767
2167768
2167770
2167771
2167772
2167774
2167775
2167776
2167779
2167780
2167781
2167782
2167783
2167784
2167785
2167787
2167788
2167790
2167791
2167792
2167795
2167796
2167797
2167798
2167799
2167800
2167801
2167803
2167804
2167805
2167807
2167808
2167810
2167811
2167812
2167813
2167815
2167817
2167818
2167819
2167820
2167821
2167823
2167824
2167825
2167826
2167827
2167828
2167829
2167830
2167831
2167832
2167834
2167835
2167837
2167839
2167840
2167843
2167845
2167846
2167847
2167849
2167850
2167851
2167852
2167853
2167854
2167855
2167857
2167858
2167859
2167861
2167862
2167863
2167864
2167865
2167866
2167867
2167870
2167871
2167874
2167875
2167876
2167877
2167878
2167880
2167881
2167883
2167884
2167885
2167887
2167888
2167889
2167890
2167891
2167892
2167893
2167895
2167896
2167897
2167899
2167900
2167901
2167902
2167903
2167904
2167905
2167906
2167907
2167908
2167909
2167911
2167912
2167914
2167916
2167917
2167918
2167919
2167920
2167922
2167923
2167924
2167925
2167926
2167927
2167929
2167931
2167932
2167933
2167934
2167935
2167937
2167938
2167939
2167940
2167941
2167942
2167944
2167945
2167946
2167948
2167949
2167951
2167952
2167953
2167954
2167956
2167957
2167959
2167960
2167961
2167964
2167965
2167966
2167967
2167968
2167969
2167970
2167972
2167973
2167974
2167976
2167977
2167979
2167980
2167981
2167982
2167984
2167985
2167986
2167988
2167989
2167990
2167993
2167994
2167995
2167996
2167997
2167998
2167999
2168001
2168002
2168003
2168005
2168006
2168007
2168010
2168011
2168012
2168013
2168014
2168015
2168016
2168018
2168019
2168020
2168022
2168023
2168025
2168026
2168027
2168028
2168030
2168031
2168033
2168034
2168035
2168038
2168039
2168040
2168041
2168042
2168043
2168044
2168046
2168047
2168048
2168050
2168051
2168053
2168054
2168055
2168056
2168058
2168060
2168061
2168062
2168063
2168064
2168066
2168067
2168068
2168069
2168070
2168071
2168073
2168074
2168075
2168077
2168078
2168079
2168081
2168082
2168083
2168084
2168085
2168086
2168087
2168088
2168089
2168090
2168092
2168093
2168095
2168096
2168097
2168099
2168100
2168101
2168102
2168103
2168104
2168105
2168107
2168108
2168109
2168111
2168112
2168113
2168114
2168115
2168116
2168117
2168118
2168119
2168120
2168121
2168123
2168124
2168126
2168128
2168129
2168131
2168133
2168135
2168136
2168137
2168139
2168140
2168141
2168142
2168143
2168144
2168145
2168147
2168148
2168149
2168151
2168152
2168153
2168154
2168155
2168156
2168157
2168158
2168160
2168162
2168163
2168166
2168167
2168168
2168169
2168170
2168172
2168173
2168175
2168177
2168178
2168179
2168180
2168181
2168183
2168184
2168185
2168186
2168187
2168188
2168190
2168191
2168192
2168194
2168195
2168197
2168198
2168199
2168200
2168202
2168203
2168205
2168206
2168207
2168210
2168211
2168212
2168213
2168214
2168215
2168216
2168218
2168219
2168220
2168222
2168223
2168224
2168227
2168228
2168229
2168230
2168231
2168232
2168233
2168235
2168236
2168237
2168239
2168240
2168242
2168243
2168244
2168245
2168247
2168248
2168249
2168251
2168252
2168253
2168255
2168256
2168257
2168258
2168259
2168260
2168261
2168262
2168263
2168264
2168266
2168267
2168469
2168470
2168471
2168472
2168474
2168475
2168476
2168477
2168479
2168480
2168481
2168483
2168484
2168485
2168486
2168487
2168488
2168489
2168491
2168492
2168493
2168494
2168496
2168497
2168498
2168499
2168500
2168501
2168502
2168504
2168505
2168506
2168507
2168508
2168509
2168510
2168511
2168513
2168514
2168515
2168516
2168518
2168519
2168520
2168521
2168522
2168523
2168524
2168526
2168527
2168528
2168530
2168531
2168532
2168533
2168534
2168535
2168536
2168538
2168539
2168540
2168542
2168543
2168544
2168546
2168547
2168548
2168549
2168550
2168551
2168552
2168554
2168555
2168556
2168557
2168559
2168560
2168561
2168562
2168563
2168564
2168565
2168567
2168568
2168569
2168570
2168572
2168573
2168574
2168575
2168576
2168577
2168578
2168580
2168581
2168582
2168583
2168585
2168586
2168587
2168588
2168589
2168590
2168591
2168593
2168594
2168595
2168596
2168597
2168598
2168599
2168600
2168602
2168603
2168604
2168606
2168607
2168608
2168609
2168610
2168611
2168612
2168614
2168615
2168616
2168618
2168619
2168620
2168621
2168622
2168623
2168624
2168625
2168626
2168627
2168628
2168630
2168631
2168632
2168634
2168635
2168636
2168637
2168638
2168639
2168640
2168642
2168643
2168644
2168645
2168647
2168648
2168649
2168650
2168651
2168652
2168653
2168655
2168656
2168657
2168658
2168659
2168660
2168661
2168662
2168664
2168665
2168666
2168668
2168669
2168670
2169432
2169434
2169436
2169437
2169438
2169439
2169441
2169442
2169443
2169444
2169445
2169446
2169447
2169448
2169450
2169452
2169453
2169454
2169455
2169457
2169458
2169459
2169460
2169461
2169462
2169463
2169464
2169465
2169466
2169467
2169468
2169469
2169470
2169471
2169472
2169473
2169474
2169475
2169476
2169477
2169478
2169479
2169480
2169482
2169483
2169484
2169486
2169487
2169489
2169490
2169491
2169493
2169494
2169496
2169497
2169498
2169501
2169503
2169504
2169506
2169507
2169509
2169510
2169511
2169513
2169515
2169516
2169518
2169519
2169520
2169521
2169522
2169523
2169524
2169525
2169526
2169527
2169528
2169529
2169530
2169531
2169533
2169534
2169535
2169537
2169538
2169540
2169541
2169542
2169544
2169545
2169547
2169548
2169549
2169550
2169551
2169552
2169553
2169554
2169555
2169556
2169557
2169558
2169559
2169561
2169563
2169564
2169565
2169566
2169568
2169569
2169570
2169571
2169572
2169573
2169574
2169575
2169577
2169579
2169580
2169581
2169582
2169584
2169586
2169587
2169588
2169589
2169590
2169591
2169593
2169594
2169595
2169597
2169598
2169600
2169602
2169604
2169606
2169607
2169608
2169609
2169610
2169611
2169613
2169614
2169615
2169617
2169618
2169620
2169622
2169624
2169625
2169626
2169627
2169628
2169629
2169631
2169632
2169633
2169635
2169636
2169638
2169640
2169642
2169643
2169644
2169645
2169646
2169647
2169649
2169650
2169651
2169653
2169654
2169656
2169658
2169660
2169662
2169663
2169664
2169665
2169667
2169669
2169670
2169671
2169672
2169673
2169674
2169675
2169677
2169679
2169680
2169681
2169682
2169683
2169685
2169687
2169688
2169689
2169690
2169693
2169694
2169695
2169696
2169697
2169698
2169699
2169701
2169703
2169704
2169705
2169706
2169708
2169709
2169710
2169711
2169712
2169713
2169714
2169715
2169716
2169717
2169718
2169719
2169721
2169722
2169723
2169724
2169725
2169726
2169727
2169728
2169729
2169730
2169731
2169732
2169733
2169734
2169735
2169736
2169737
2169738
2169739
2169740
2169741
2169742
2169743
2169744
2169746
2169747
2169748
2169750
2169751
2169753
2169754
2169755
2169757
2169758
2169760
2169761
2169762
2169764
2169766
2169768
2169769
2169771
2169772
2169773
2169774
2169775
2169776
2169777
2169778
2169779
2169780
2169781
2169782
2169783
2169784
2169786
2169787
2169788
2169790
2169791
2169793
2169794
2169795
2169797
2169798
2169800
2169801
2169802
2169804
2169806
2169808
2169809
2169811
2169812
2169814
2169815
2169816
2169818
2169820
2169822
2169823
2169825
2169826
2169827
2169828
2169829
2169830
2169831
2169832
2169833
2169834
2169835
2169836
2169837
2169838
2169840
2169841
2169842
2169844
2169845
2169847
2169848
2169849
2169851
2169852
2169854
2169855
2169856
2169858
2169860
2169862
2169863
2169865
2169866
2169867
2169868
2169869
2169870
2169871
2169872
2169873
2169874
2169875
2169876
2169877
2169878
2169880
2169881
2169882
2169884
2169885
2169887
2169888
2169889
2169891
2169892
2169894
2169895
2169896
2169897
2169898
2169899
2169900
2169901
2169902
2169903
2169904
2169905
2169907
2169908
2169909
2169910
2169911
2169912
2169913
2169914
2169915
2169916
2169917
2169918
2169919
2169921
2169923
2169924
2169925
2169926
2169928
2169929
2169930
2169931
2169932
2169933
2169934
2169936
2169938
2169939
2169940
2169941
2169942
2169944
2169946
2169947
2169948
2169949
2169951
2169953
2169954
2169955
2169956
2169957
2169958
2169959
2169961
2169963
2169964
2169965
2169966
2169968
2169970
2169971
2169972
2169973
2169974
2169975
2169977
2169978
2169979
2169981
2169982
2169984
2169987
2169989
2169990
2169991
2169992
2169993
2169994
2169996
2169997
2169998
2170000
2170001
2170003
2170006
2170008
2170009
2170010
2170011
2170012
2170013
2170015
2170016
2170017
2170019
2170020
2170022
2170023
2170025
2170027
2170028
2170029
2170030
2170031
2170032
2170034
2170035
2170036
2170038
2170039
2170041
2170042
2170044
2170046
2170047
2170048
2170049
2170051
2170052
2170053
2170054
2170055
2170056
2170057
2170058
2170060
2170062
2170063
2170064
2170065
2170067
2170068
2170069
2170070
2170071
2170072
2170073
2170074
2170075
2170076
2170077
2170078
2170079
2170080
2170081
2170082
2170083
2170084
2170085
2170086
2170087
2170088
2170089
2170090
2170092
2170093
2170094
2170096
2170097
2170099
2170100
2170101
2170103
2170104
2170106
2170107
2170108
2170111
2170113
2170114
2170116
2170117
2170119
2170120
2170121
2170123
2170124
2170126
2170127
2170129
2170130
2170131
2170132
2170133
2170134
2170135
2170136
2170137
2170138
2170139
2170140
2170141
2170142
2170144
2170145
2170146
2170148
2170149
2170151
2170152
2170153
2170155
2170156
2170158
2170159
2170160
2170161
2170162
2170163
2170164
2170165
2170166
2170167
2170168
2170169
2170170
2170172
2170174
2170175
2170176
2170177
2170179
2170181
2170182
2170183
2170184
2170185
2170186
2170187
2170189
2170191
2170192
2170193
2170194
2170290
2170291
2170292
2170293
2170294
2170295
2170296
2170297
2170298
2170299
2170300
2170301
2170302
2170303
2170305
2170307
2170308
2170309
2170310
2170311
2170313
2170314
2170315
2170316
2170317
2170319
2170320
2170321
2170322
2170323
2170324
2170325
2170326
2170327
2170329
2170330
2170331
2170332
2170333
2170334
2170335
2170336
2170337
2170338
2170340
2170341
2170342
2170343
2170344
2170346
2170348
2170349
2170350
2170351
2170352
2170354
2170355
2170356
2170357
2170358
2170360
2170361
2170362
2170363
2170364
2170365
2170366
2170367
2170368
2170370
2170371
2170372
2170373
2170374
2170375
2170377
2170378
2170379
2170380
2170381
2170477
2170478
2170481
2170482
2170485
2170487
2170488
2170489
2170490
2170491
2170493
2170495
2170496
2170497
2170498
2170499
2170501
2170503
2170504
2170505
2170506
2170508
2170510
2170511
2170512
2170513
2170514
2170516
2170517
2170519
2170520
2170524
2170525
2170528
2170529
2170532
2170534
2170536
2170537
2170538
2170540
2170542
2170543
2170544
2170545
2170546
2170549
2170550
2170552
2170553
2170554
2170555
2170558
2170559
2170561
2170562
2170563
2170564
2170565
2170569
2170570
2170716
2170717
2170719
2170722
2170723
2170724
2170725
2170727
2170730
2170731
2170733
2170734
2170735
2170737
2170740
2170741
2170742
2170743
2170745
2170746
2170748
2170750
2170751
2170753
2170754
2170755
2170757
2170759
2170760
2170761
2170762
2170764
2170766
2170767
2170768
2170769
2170771
2170774
2170775
2170776
2170777
2170778
2170780
2170783
2170784
2170786
2170787
2170788
2170789
2170791
2170794
2170795
2170796
2170797
2170798
2170800
2170803
2170804
2170805
2170806
2170808
2170810
2170811
2170812
2170813
2170815
2170817
2170819
2170820
2170822
2170823
2170824
2170826
2170828
2170829
2170830
2170832
2170835
2170836
2170837
2170838
2170839
2170841
2170844
2170845
2170847
2170848
2170850
2170851
2170853
2170855
2170949
2170950
2170952
2170953
2170954
2170956
2170957
2170958
2170959
2170960
2170962
2170963
2170964
2170966
2170967
2170969
2170970
2170972
2170973
2170974
2170975
2170977
2170978
2170979
2170980
2170981
2170983
2170984
2170985
2170986
2170987
2170988
2170990
2170991
2170992
2170993
2170994
2170995
2170997
2170998
2170999
2171000
2171001
2171003
2171004
2171005
2171007
2171008
2171010
2171011
2171013
2171014
2171015
2171016
2171018
2171019
2171021
2171022
2171023
2171025
2171026
2171027
2171028
2171029
2171030
2171032
2171033
2171034
2171035
2171036
2171038
2171039
2171041
2171042
2171290
2171291
2171292
2171294
2171296
2171297
2171299
2171300
2171301
2171302
2171303
2171306
2171307
2171310
2171312
2171313
2171315
2171316
2171319
2171321
2171322
2171323
2171325
2171327
2171328
2171330
2171331
2171332
2171333
2171334
2171337
2171338
2171341
2171342
2171344
2171345
2171347
2171348
2171352
2171353
2171354
2171356
2171358
2171359
2171361
2171362
2171363
2171364
2171365
2171368
2171369
2171372
2171374
2171375
2171377
2171378
2171381
2171383
2171384
2171385
2171387
2171389
2171390
2171392
2171393
2171394
2171395
2171396
2171399
2171400
2171403
2171405
2171406
2171408
2171409
2171413
2171414
2171415
2171417
2171419
2171420
2171422
2171423
2171424
2171425
2171426
2171429
2171430
2171433
2171435
2171436
2171438
2171439
2171442
2171444
2171445
2171446
2171448
2171449
2171451
2171453
2171454
2171455
2171456
2171457
2171460
2171461
2171464
2171466
2171467
2171469
2171470
2171473
2171475
2171476
2171477
2171479
2171481
2171482
2171484
2171485
2171486
2171487
2171488
2171491
2171492
2171495
2171497
2171498
2171500
2171501
2171505
2171506
2171507
2171509
2171510
2171512
2171514
2171515
2171516
2171517
2171518
2171521
2171522
2171525
2171527
2171528
2171530
2171531
2171534
2171953
2171954
2171957
2171958
2171959
2171962
2171963
2171964
2171966
2171967
2171968
2171970
2171971
2171972
2171973
2171978
2171979
2171981
2171983
2171984
2171986
2171988
2171989
2171990
2171991
2171992
2171994
2171995
2171996
2171997
2171998
2172001
2172002
2172003
2172004
2172005
2172006
2172008
2172009
2172011
2172013
2172014
2172015
2172016
2172017
2172019
2172020
2172021
2172022
2172023
2172026
2172027
2172028
2172029
2172030
2172031
2172032
2172033
2172036
2172037
2172040
2172041
2172042
2172044
2172045
2172046
2172047
2172048
2172049
2172050
2172051
2172054
2172055
2172058
2172059
2172060
2172063
2172064
2172065
2172068
2172069
2172070
2172072
2172073
2172074
2172076
2172078
2172079
2172080
2172084
2172085
2172087
2172088
2172089
2172092
2172093
2172094
2172097
2172098
2172099
2172101
2172102
2172103
2172104
2172106
2172107
2172108
2172112
2172114
2172116
2172117
2172119
2172121
2172122
2172123
2172124
2172125
2172127
2172128
2172129
2172130
2172131
2172134
2172135
2172136
2172137
2172138
2172139
2172141
2172142
2172144
2172146
2172147
2172148
2172149
2172150
2172152
2172153
2172154
2172155
2172156
2172159
2172160
2172161
2172162
2172163
2172164
2172166
2172167
2172169
2172171
2172172
2172173
2172174
2172175
2172177
2172178
2172179
2172180
2172181
2172184
2172185
2172186
2172187
2172188
2172189
2172191
2172192
2172194
2172196
2172197
2172198
2172199
2172200
2172202
2172203
2172204
2172205
2172206
2172209
2172210
2172211
2172212
2172213
2172214
2172215
2172216
2172219
2172220
2172221
2172224
2172225
2172226
2172228
2172229
2172231
2172232
2172233
2172234
2172238
2172240
2172241
2172242
2172243
2172246
2172247
2172250
2172251
2172252
2172254
2172255
2172256
2172257
2172259
2172260
2172261
2172265
2172268
2172269
2172270
2172273
2172274
2172275
2172278
2172279
2172280
2172282
2172283
2172284
2172286
2172288
2172289
2172290
2172295
2172297
2172299
2172300
2172302
2172304
2172305
2172306
2172307
2172308
2172310
2172311
2172312
2172313
2172314
2172317
2172318
2172319
2172320
2172321
2172322
2172324
2172325
2172327
2172329
2172330
2172331
2172332
2172333
2172335
2172336
2172337
2172338
2172339
2172342
2172343
2172344
2172345
2172346
2172347
2172348
2172349
2172352
2172353
2172356
2172357
2172358
2172360
2172361
2172362
2172363
2172365
2172366
2172367
2172371
2172374
2172415
2172416
2172417
2172420
2172421
2172422
2172425
2172426
2172427
2172430
2172431
2172432
2172435
2172436
2172437
2172440
2172441
2172442
2172445
2172446
2172447
2172450
2172451
2172452
2172538
2172539
2172540
2172541
2172542
2172543
2172544
2172545
2172546
2172547
2172548
2172549
2172550
2172551
2172552
2172553
2172559
2172560
2172561
2172562
2172563
2172564
2172565
2172566
2172567
2172568
2172569
2172570
2172571
2172572
2172573
2172574
2172575
2172576
2172577
2172578
2172579
2172580
2172581
2172582
2172583
2172584
2172585
2172586
2172587
2172588
2172589
2172590
2172595
2172596
2172597
2172598
2172599
2172600
2172601
2172602
2172603
2172604
2172605
2172606
2172607
2172608
2172609
2172610
2172677
2172678
2172679
2172680
2172681
2172682
2172683
2172684
2172685
2172686
2172687
2172688
2172689
2172690
2172691
2172692
2172693
2172694
2172695
2172696
2172697
2172698
2172699
2172700
2172701
2172702
2172703
2172704
2172705
2172706
2172707
2172708
2172709
2172710
2172711
2172712
2172713
2172714
2172715
2172716
2172717
2172718
2172719
2172720
2172721
2172722
2172723
2172724
2172725
2172726
2172727
2172728
2172729
2172730
2172731
2172732
2172733
2172734
2172735
2172736
2172737
2172738
2172739
2172740
2173029
2173030
2173031
2173032
2173033
2173034
2173035
2173036
2173037
2173038
2173039
2173040
2173041
2173042
2173043
2173044
2173045
2173046
2173047
2173048
2173049
2173050
2173051
2173052
2173054
2173055
2173056
2173057
2173058
2173059
2173060
2173061
2173062
2173064
2173065
2173066
2173067
2173068
2173069
2173070
2173071
2173072
2173073
2173074
2173075
2173077
2173078
2173079
2173080
2173081
2173082
2173083
2173084
2173085
2173086
2173087
2173088
2173089
2173090
2173091
2173092
2173093
2173094
2173095
2173096
2173097
2173098
2173099
2173100
2173101
2173102
2173103
2173104
2173105
2173106
2173107
2173108
2173109
2173110
2173111
2173112
2173113
2173114
2173115
2173116
2173117
2173118
2173119
2173120
2173121
2173122
2173123
2173124
2173125
2173126
2173127
2173128
2173129
2173130
2173131
2173132
2173133
2173134
2173135
2173136
2173137
2173138
2173139
2173140
2173141
2173142
2173143
2173144
2173145
2173146
2173147
2173148
2173149
2173150
2173151
2173152
2173155
2173156
2173157
2173158
2173159
2173160
2173161
2173162
2173163
2173165
2173166
2173167
2173168
2173169
2173170
2173171
2173172
2173173
2173174
2173175
2173176
2173177
2173178
2173179
2173180
2173181
2173182
2173183
2173184
2173185
2173186
2173187
2173188
2173189
2173190
2173191
2173192
2173193
2173194
2173196
2173197
2173198
2173199
2173200
2173201
2173202
2173203
2173204
2173205
2173206
2173207
2173209
2173210
2173211
2173212
2173213
2173214
2173215
2173216
2173217
2173218
2173219
2173220
2173221
2173222
2173223
2173224
2173225
2173226
2173227
2173228
2173229
2173230
2173231
2173232
2173233
2173234
2173235
2173236
2173237
2173238
2173239
2173240
2173241
2173242
2173243
2173244
2173245
2173246
2173247
2173248
2173249
2173250
2173251
2173252
2173254
2173255
2173256
2173257
2173258
2173259
2173260
2173261
2173262
2173263
2173264
2173265
2173268
2173269
2173270
2173271
2173272
2173273
2173274
2173275
2173276
2173277
2173278
2173279
2173280
2173281
2173282
2173283
2173284
2173286
2173287
2173288
2173289
2173290
2173291
2173292
2173293
2173294
2173295
2173296
2173297
2173299
2173300
2173301
2173302
2173317
2173318
2173320
2173321
2173322
2173324
2173325
2173326
2173327
2173328
2173330
2173332
2173514
2173515
2173516
2173517
2173518
2173519
2173521
2173522
2173523
2173524
2173525
2173526
2173527
2173528
2173529
2173530
2173531
2173532
2173533
2173534
2173535
2173536
2173537
2173538
2173539
2173540
2173541
2173542
2173543
2173544
2173545
2173546
2173547
2173548
2173549
2173550
2173551
2173552
2173553
2173554
2173555
2173556
2173557
2173558
2173559
2173560
2173561
2173562
2173563
2173564
2173565
2173566
2173567
2173568
2173569
2173570
2173572
2173573
2173574
2173575
2173576
2173577
2173578
2173579
2173580
2173581
2173582
2173583
2173584
2173585
2173586
2173587
2173588
2173589
2173590
2173591
2173592
2173593
2173594
2173595
2173596
2173597
2173598
2173599
2173600
2173601
2173602
2173603
2173604
2173605
2173606
2173607
2173608
2173609
2173610
2173611
2173612
2173613
2173614
2173615
2173616
2173617
2173618
2173619
2173620
2173621
2173622
2173623
2173624
2173625
2173626
2173627
2173628
2173629
2173630
2173631
2173632
2173633
2173635
2173636
2173637
2173638
2173639
2173640
2173641
2173642
2173643
2173644
2173645
2173646
2173647
2173648
2173649
2173650
2173651
2173652
2173653
2173654
2173655
2173656
2173657
2173658
2173659
2173660
2173661
2173662
2173663
2173664
2173665
2173666
2173667
2173668
2173669
2173670
2173671
2173672
2173673
2173674
2173675
2173676
2173677
2173678
2173679
2173680
2173681
2173682
2173683
2173684
2173685
2173686
2173687
2173688
2173689
2173690
2173691
2173693
2173709
2173712
2173714
2173716
2173718
2173719
2173721
2173724
2173749
2173750
2173751
2173752
2173753
2173754
2173755
2173756
2173757
2173758
2173759
2173760
2173761
2173762
2173763
2173764
2173765
2173766
2173767
2173768
2173769
2173770
2173771
2173772
2173837
2173838
2173839
2173840
2173841
2173842
2173843
2173845
2173846
2173847
2173848
2173849
2173850
2173851
2173855
2173856
2173857
2173858
2173859
2173860
2173861
2173862
2173863
2173864
2173865
2173866
2173867
2173868
2173869
2173870
2173871
2173872
2173873
2173874
2173875
2173877
2173878
2173879
2173880
2173881
2173882
2173883
2173885
2173886
2173887
2173888
2173889
2173890
2173891
2173892
2173893
2173894
2173895
2173896
2173897
2173898
2174063
2174064
2174065
2174066
2174067
2174068
2174069
2174070
2174071
2174073
2174074
2174075
2174076
2174077
2174078
2174079
2174080
2174081
2174082
2174083
2174084
2174085
2174086
2174087
2174088
2174089
2174090
2174091
2174092
2174093
2174094
2174095
2174096
2174097
2174098
2174099
2174101
2174102
2174103
2174104
2174105
2174106
2174107
2174108
2174109
2174110
2174111
2174112
2174114
2174115
2174116
2174117
2174118
2174119
2174120
2174121
2174122
2174123
2174124
2174125
2174126
2174127
2174128
2174129
2174130
2174131
2174132
2174133
2174134
2174136
2174137
2174138
2174139
2174140
2174141
2174142
2174143
2174145
2174146
2174147
2174148
2174149
2174150
2174151
2174152
2174153
2174154
2174155
2174156
2174157
2174158
2174159
2174160
2174162
2174163
2174164
2174165
2174166
2174167
2174168
2174169
2174170
2174171
2174172
2174173
2174174
2174175
2174176
2174177
2174178
2174179
2174180
2174181
2174182
2174183
2174185
2174186
2174187
2174188
2174189
2174190
2174191
2174192
2174193
2174194
2174195
2174196
2174198
2174199
2174200
2174201
2174202
2174203
2174204
2174205
2174206
2174207
2174208
2174209
2174210
2174211
2174212
2174213
2174214
2174215
2174216
2174217
2174218
2174219
2174220
2174221
2174222
2174223
2174224
2174225
2174226
2174227
2174228
2174261
2174270
2174387
2174388
2174390
2174391
2174392
2174393
2174395
2174397
2174434
2174435
2174436
2174437
2174438
2174439
2174440
2174441
2174442
2174443
2174444
2174445
2174446
2174447
2174448
2174449
2174450
2174451
2174452
2174453
2174454
2174455
2174456
2174457
2174463
2174465
2174466
2174468
2174469
2174524
2174525
2174526
2174527
2174528
2174529
2174530
2174531
2174532
2174533
2174534
2174535
2174536
2174537
2174538
2174539
2174540
2174541
2174542
2174543
2174544
2174545
2174546
2174547
2174554
2174555
2174556
2174557
2174558
2174559
2271831
2271832
2271833
2271834
2271835
2271836
2271837
2271843
2271844
2271845
2271846
2271847
2271848
2271849
2271850
2271851
2271857
2271863
2271864
2271865
2271866
2271867
2271868
2271869
2271870
2271878
2271879
2271880
2271881
2271882
2271883
2271884
2271905
2271906
2271907
2271908
2271909
2271910
2271911
2271912
2271913
2271914
2271915
2271916
2271917
2271918
2271919
2271920
2271921
2271922
2271923
2271924
2271925
2271926
2271927
2271928
2271929
2271930
2271931
2271932
2271933
2271934
2271935
2271936
2271937
2271938
2271939
2271940
2271941
2271942
2271943
2271944
2271945
2271946
2271947
2271948
2271949
2271950
2271951
2271952
2271953
2271954
2271955
2271956
2271957
2271958
2271959
2271960
2271961
2271962
2271963
2271964
2271965
2271966
2271967
2271968
2271969
2271970
2271971
2271972
2271973
2271974
2271975
2271976
2271977
2271978
2271979
2271980
2271981
2271982
2271983
2271984
2271985
2271986
2271987
2271988
2271989
2271990
2271991
2271992
2271993
2271994
2271995
2271996
2271997
2272004
2272005
2272006
2272028
2272029
2272030
2272031
2272032
2272033
2272034
2272035
2272036
2272037
2272038
2272039
2272040
2272041
2272042
2272043
2272044
2272045
2272046
2272047
2272048
2272049
2272050
2272051
2272052
2272053
2272054
2272055
2272056
2272057
2272058
2272059
2272060
2272061
2272062
2272063
2272064
2272065
2272066
2272067
2272068
2272069
2272070
2272071
2272072
2272073
2272074
2272075
2272076
2272077
2272078
2272079
2272080
2272081
2272082
2272083
2272084
2272085
2272086
2272087
2272088
2272089
2272090
2272091
2272092
2272093
2272094
2272095
2272096
2272097
2272098
2272099
2272100
2272101
2272102
2272103
2272104
2272105
2272106
2272107
2272108
2272109
2272110
2272111
2272112
2272113
2272114
2272115
2272116
2272117
2272118
2272119
2272120
2272121
2272122
2272123
2272124
2272125
2272126
2272127
2272128
2272129
2272130
2272131
2272132
2272133
2272134
2272135
2272136
2272137
2272138
2272139
2272140
2272141
2272142
2272143
2272144
2272145
2272146
2272147
2272148
2272149
2272172
2272173
2272174
2272175
2272176
2272177
2272178
2272179
2272180
2272181
2272182
2272183
2272184
2272185
2272186
2272187
2272188
2272189
2272190
2272191
2272192
2272193
2272194
2272195
2272196
2272197
2272198
2272199
2272200
2272201
2272202
2272203
2272204
2272205
2272206
2272207
2272208
2272209
2272210
2272211
2272212
2272213
2272214
2272215
2272216
2272217
2272218
2272219
2272220
2272221
2272222
2272223
2272224
2272225
2272226
2272227
2272228
2272229
2272230
2272231
2272232
2272233
2272234
2272235
2272236
2272237
2272238
2272239
2272240
2272241
2272242
2272243
2272244
2272245
2272246
2272247
2272248
2272249
2272250
2272251
2272252
2272253
2272254
2272255
2272256
2272257
2272258
2272259
2272260
2272261
2272262
2272263
2272264
2272265
2272266
2272267
2272268
2272269
2272270
2272271
2272272
2272273
2272274
2272275
2272276
2272277
2272278
2272279
2272280
2272281
2272282
2272283
2272284
2272285
2272286
2272287
2272288
2272289
2272290
2272291
2272292
2272293
2272294
2272295
2272296
2272297
2272298
2272299
2272300
2272301
2272302
2272303
2272304
2272305
2272306
2272320
2272321
2272322
2272323
2272324
2272325
2272326
2272340
2272341
2272342
2272343
2272344
2272345
2272346
2272347
2272348
2272349
2272350
2272351
2272352
2272353
2272354
2272355
2272356
2272357
2272358
2272359
2272360
2272361
2272362
2272363
2272364
2272365
2272366
2272367
2272368
2272369
2272370
2272371
2272372
2272373
2272374
2272375
2272376
2272377
2272378
2272379
2272380
2272381
2272382
2272383
2272384
2272385
2272386
2272387
2272388
2272389
2272390
2272391
2272392
2272393
2272394
2272395
2272396
2272397
2272398
2272399
2272400
2272401
2272402
2272403
2272404
2272405
2272406
2272407
2272408
2272409
2272410
2272411
2272412
2272413
2272414
2272415
2272416
2272417
2272418
2272419
2272420
2272421
2272422
2272423
2272424
2272425
2272426
2272427
2272428
2272429
2272430
2272431
2272432
2272433
2272434
2272435
2272436
2272437
2272438
2272439
2272440
2272441
2272442
2272443
2272444
2272445
2272446
2272447
2272448
2272449
2272450
2272451
2272452
2272453
2272454
2272455
2272456
2272457
2272458
2272459
2272460
2272461
2272462
2272463
2272464
2272465
2272466
2272467
2272468
2272469
2272470
2272471
2272472
2272473
2272474
2272475
2272476
2272481
2272482
2272483
2272484
2272490
2272491
2272492
2272493
2272494
2272500
2272501
2272502
2272503
2272504
2272510
2272511
2272512
2272513
2272514
2272515
2272516
2272517
2272518
2272519
2272520
2272521
2272522
2272523
2272524
2272525
2272526
2272527
2272528
2272529
2272530
2272531
2272532
2272533
2272534
2272535
2272536
2272537
2272538
2272539
2272540
2272541
2272542
2272543
2272544
2272545
2272546
2272547
2272548
2272549
2272550
2272551
2272552
2272553
2272554
2272555
2272556
2272557
2272558
2272559
2272560
2272561
2272562
2272563
2272564
2272565
2272566
2272567
2272568
2272569
2272570
2272571
2272572
2272573
2272574
2272575
2272576
2272577
2272578
2272579
2272580
2272581
2272582
2272583
2272584
2272585
2272586
2272587
2272588
2272589
2272590
2272591
2272592
2272593
2272594
2272595
2272596
2272597
2272598
2272599
2272600
2272601
2272602
2272603
2272604
2272605
2272606
2272607
2272608
2272609
2272610
2272611
2272612
2272613
2272614
2272615
2272616
2272617
2272618
2272619
2272620
2272621
2272622
2272623
2272624
2272625
2272626
2272627
2272628
2272629
2272630
2272631
2272632
2272633
2272634
2272635
2272636
2272637
2272638
2272639
2272640
2272641
2272647
2272648
2272649
2272650
2272651
2272652
2272653
2272654
2272655
2272669
2272670
2272671
2272672
2272673
2272674
2272675
2272676
2272677
2272678
2272679
2272680
2272681
2272682
2272683
2272684
2272685
2272686
2272687
2272688
2272689
2272690
2272691
2272692
2272693
2272694
2272695
2272696
2272697
2272698
2272699
2272700
2272701
2272702
2272703
2272704
2272705
2272706
2272707
2272708
2272709
2272710
2272711
2272712
2272713
2272714
2272715
2272716
2272717
2272718
2272719
2272720
2272721
2272722
2272723
2272724
2272725
2272726
2272727
2272728
2272729
2272730
2272731
2272732
2272733
2272734
2272735
2272736
2272737
2272738
2272739
2272740
2272741
2272742
2272743
2272744
2272745
2272746
2272747
2272748
2272749
2272750
2272751
2272752
2272753
2272754
2272755
2272756
2272757
2272758
2272759
2272760
2272761
2272762
2272763
2272764
2272765
2272766
2272767
2272768
2272769
2272770
2272771
2272772
2272773
2272774
2272775
2272776
2272777
2272778
2272779
2272780
2272781
2272782
2272783
2272784
2272785
2272786
2272787
2272788
2272789
2272790
2272791
2272792
2272793
2272794
2272795
2272796
2272797
2272798
2272799
2272800
2272801
2272802
2272803
2272818
2272819
2272820
2272821
2272822
2272823
2272824
2272843
2272844
2272845
2272846
2272847
2272848
2272849
2272850
2272851
2272852
2272853
2272854
2272855
2272856
2272857
2272858
2272859
2272860
2272861
2272862
2272863
2272864
2272865
2272866
2272867
2272868
2272869
2272870
2272871
2272872
2272873
2272874
2272875
2272876
2272877
2272878
2272879
2272880
2272881
2272882
2272883
2272884
2272885
2272886
2272887
2272888
2272889
2272890
2272891
2272892
2272893
2272894
2272895
2272896
2272897
2272898
2272899
2272900
2272901
2272902
2272903
2272904
2272905
2272906
2272907
2272908
2272909
2272910
2272911
2272912
2272913
2272914
2272915
2272916
2272917
2272918
2272919
2272920
2272921
2272922
2272923
2272924
2272925
2272926
2272927
2272928
2272929
2272930
2272931
2272932
2272933
2272934
2272935
2272936
2272937
2272938
2272939
2272940
2272941
2272942
2272943
2272944
2272945
2272946
2272947
2272948
2272949
2272950
2272951
2272952
2272953
2272954
2272955
2272956
2272957
2272958
2272959
2272960
2272961
2272962
2272963
2272964
2272982
2272983
2272984
2272985
2272986
2272987
2272988
2272989
2272990
2272991
2272992
2272993
2272994
2272995
2272996
2272997
2272998
2272999
2273000
2273001
2273002
2273003
2273004
2273005
2273006
2273007
2273008
2273009
2273010
2273011
2273012
2273013
2273014
2273015
2273016
2273017
2273018
2273019
2273020
2273021
2273022
2273023
2273024
2273025
2273026
2273027
2273028
2273029
2273030
2273031
2273032
2273033
2273034
2273035
2273036
2273037
2273038
2273039
2273040
2273041
2273042
2273043
2273044
2273045
2273046
2273047
2273048
2273049
2273050
2273051
2273052
2273053
2273054
2273055
2273056
2273057
2273058
2273059
2273060
2273061
2273062
2273063
2273064
2273065
2273066
2273067
2273068
2273069
2273070
2273071
2273072
2273073
2273074
2273081
2273082
2273083
2273113
2273114
2273115
2273116
2273117
2273118
2273119
2273125
2273126
2273127
2273128
2273129
2273130
2273131
2273132
2273138
2273144
2273145
2273146
2273147
2273148
2273149
2273150
2273151
2273152
2273174
2273175
2273176
2273177
2273178
2273179
2273180
2273381
2273387
2273451
2273452
2273457
2273463
2273464
2273471
2273472
2273477
2273484
2273485
2273541
2273547
2274053
2274054
2274055
2274056
2274057
2274062
2274063
2274064
2274065
2274066
2274067
2274074
2274075
2274076
2274077
2274078
2274079
2274082
2274083
2274084
2274085
2274086
2274087
2274088
2274089
2274090
2274091
2274092
2274093
2274094
2274095
2274096
2274097
2274098
2274099
2274100
2274101
2274109
2274110
2274111
2274115
2274116
2274117
2274118
2274119
2274120
2274121
2274122
2274123
2274124
2274125
2274126
2274127
2274128
2274129
2274130
2274131
2274132
2274133
2274134
2274135
2274143
2274144
2274145
2274150
2274151
2274152
2274153
2274154
2274155
2274156
2274157
2274158
2274159
2274160
2274161
2274162
2274163
2274164
2274165
2274166
2274167
2274168
2274169
2274177
2274178
2274179
2274184
2274185
2274186
2274187
2274188
2274189
2274190
2274191
2274192
2274193
2274194
2274195
2274196
2274197
2274198
2274199
2274200
2274201
2274202
2274210
2274211
2274212
2274221
2274222
2274223
2274224
2274225
2274226
2274227
2274228
2274229
2274232
2274233
2274234
2274235
2274236
2274241
2274242
2274243
2274248
2274249
2274250
2274251
2274252
2274253
2274258
2274259
2274260
2274267
2274268
2274269
2274270
2274271
2274272
2274275
2274276
2274277
2274278
2274279
2274285
2274291
2274292
2274293
2274294
2274295
2274296
2274297
2274298
2274299
2274300
2274301
2274302
2274303
2274304
2274305
2274306
2274307
2274308
2274309
2274310
2274311
2274317
2274318
2274319
2274325
2274326
2274327
2274328
2274329
2274330
2274331
2274332
2274333
2274334
2274335
2274336
2274337
2274338
2274339
2274340
2274341
2274342
2274343
2274344
2274352
2274353
2274354
2274360
2274361
2274362
2274363
2274364
2274365
2274366
2274367
2274368
2274369
2274370
2274371
2274372
2274373
2274374
2274375
2274376
2274377
2274384
2274385
2274386
2274393
2274394
2274395
2274396
2274397
2274398
2274399
2274400
2274401
2274402
2274403
2274404
2274405
2274406
2274407
2274408
2274409
2274410
2274411
2274419
2274420
2274421
2274430
2274431
2274432
2274433
2274434
2274439
2274440
2274441
2274442
2274443
2274444
2274451
2274452
2274453
2274454
2274545
2274560
2274562
2274563
2274587
2274591
2274617
2274621
2274628
2274629
2274630
2274865
2274868
2274874
2274878
2274879
2274886
2274889
2274894
2274896
2274900
2274905
2275034
2275036
2275037
2275044
2275045
2275051
2275056
2275058
2275063
2275064
2275066
2275070
2275073
2275074
2275079
2275080
2275086
2275087
2275093
2275094
2275099
2275104
2275105
2275107
2275111
2275112
2275114
2275120
2275122
2275123
2275130
2275131
2275138
2275143
2275144
2275146
2275227
2275229
2275231
2275232
2275234
2275236
2275238
2275239
2275242
2275244
2275245
2275247
2275248
2275249
2275250
2275251
2275252
2275253
2275254
2275256
2275258
2275260
2275262
2275264
2275266
2275268
2275270
2275272
2275274
2275276
2275278
2275279
2275281
2275282
2275283
2275284
2275285
2275286
2275287
2275289
2275291
2275292
2275294
2275296
2275298
2275301
2275303
2275304
2275305
2275312
2275313
2275315
2275316
2275317
2275318
2275350
2275353
2275355
2275358
2275363
2275365
2275368
2275370
2275372
2275413
2275415
2275416
2275417
2275418
2275427
2275428
2275429
2275430
2275431
2275432
2275433
2275438
2275441
2275442
2275443
2275444
2275446
2275502
2275503
2275504
2275509
2275510
2275513
2275514
2275515
2275516
2275520
2275521
2275524
2275525
2275526
2275535
2275536
2275539
2275540
2275541
2275542
2275545
2275546
2275547
2275550
2275551
2275552
2275559
2275560
2275561
2275591
2275592
2275594
2275595
2275597
2275598
2275600
2275601
2275602
2275604
2275605
2275607
2275608
2275610
2275611
2275612
2275614
2275615
2275698
2275700
2275703
2275705
2275708
2275713
2275716
2275719
2275723
2275724
2275728
2275729
2275732
2275734
2275736
2275738
2275742
2275743
2275746
2275751
2275753
2275754
2275758
2275760
2275762
2275764
2275766
2275770
2275772
2275773
2276007
2276008
2276009
2276010
2276011
2276012
2276013
2276014
2276015
2276016
2276017
2276018
2276019
2276020
2276021
2276022
2276025
2276026
2276027
2276028
2276029
2276030
2276031
2276032
2276033
2276034
2276035
2276037
2276038
2276039
2276040
2276041
2276042
2276043
2276044
2276045
2276046
2276047
2276048
2276049
2276050
2276051
2276052
2276053
2276054
2276055
2276056
2276057
2276058
2276060
2276061
2276062
2276063
2276065
2276066
2276067
2276068
2276073
2276074
2276075
2276076
2276077
2276078
2276079
2276080
2276081
2276082
2276083
2276084
2276087
2276088
2276089
2276090
2276091
2276092
2276093
2276094
2276095
2276096
2276097
2276099
2276100
2276101
2276102
2276103
2276104
2276105
2276106
2276107
2276108
2276109
2276111
2276112
2276113
2276114
2276115
2276116
2276117
2276118
2276119
2276120
2276121
2276124
2276125
2276126
2276127
2276128
2276129
2276130
2276131
2276132
2276133
2276134
2276135
2276136
2276137
2276138
2276139
2276140
2276141
2276142
2276143
2276144
2276145
2276146
2276147
2276148
2276149
2276151
2276152
2276153
2276154
2276158
2276159
2276160
2276161
2276162
2276163
2276164
2276165
2276166
2276167
2276168
2276169
2276172
2276173
2276174
2276175
2276176
2276177
2276178
2276179
2276180
2276181
2276182
2276183
2276184
2276185
2276186
2276197
2276198
2276201
2276203
2276228
2276229
2276231
2276233
2276234
2276235
2276237
2276239
2276264
2276277
2276373
2276374
2276377
2276379
2276383
2276384
2276385
2276386
2276387
2276473
2276474
2276475
2276476
2276501
2276502
2276503
2276504
2276505
2276506
2276507
2276508
2276509
2276510
2276511
2276512
2276513
2276514
2276515
2276516
2276517
2276518
2276519
2276520
2276521
2276522
2276523
2276524
2095940
2095941
2095942
2095943
2095944
2095945
2095946
2095947
2095948
2095949
2095950
2095951
2095953
2095954
2095955
2095956
2095957
2095958
2095959
2095960
2095961
2095962
2095964
2095965
2095966
2095967
2095968
2095969
2095970
2095971
2095972
2095973
2095974
2095976
2095977
2095978
2095979
2095980
2095981
2095982
2095983
2095984
2095989
2095991
2095992
2095993
2095994
2095995
2095997
2095998
2095999
2096000
2096001
2096002
2096003
2096004
2096005
2096006
2096007
2096008
2096009
2096010
2096011
2096012
2096013
2096014
2096015
2096016
2096017
2096018
2096019
2096020
2096021
2096022
2096023
2096024
2096025
2096026
2096027
2096028
2096029
2096030
2096031
2096032
2096033
2096034
2096035
2096036
2096037
2096038
2096039
2096040
2096041
2096042
2096043
2096044
2096045
2096046
2096047
2096048
2096049
2096050
2096051
2096052
2096053
2096054
2096055
2096056
2096057
2096058
2096059
2096060
2096061
2096062
2096063
2096064
2096065
2096066
2096067
2096068
2096069
2096070
2096071
2096072
2096073
2096074
2096075
2096076
2096077
2096078
2096079
2096082
2096083
2096084
2096085
2096086
2096087
2096088
2096089
2096090
2096091
2096094
2096095
2096096
2096097
2096099
2096101
2096102
2096103
2096105
2096106
2096107
2096108
2096109
2096110
2096111
2096112
2096113
2096114
2096115
2096116
2096117
2096118
2096119
2096120
2096121
2096122
2096123
2096124
2096125
2096126
2096127
2096128
2096129
2096130
2096131
2096132
2096133
2096134
2096135
2096136
2096137
2096138
2096139
2096140
2096141
2096142
2096143
2096144
2096145
2096146
2096147
2096148
2096149
2096150
2096151
2096152
2096153
2096154
2096155
2096156
2096157
2096158
2096159
2096160
2096161
2096162
2096163
2096164
2096165
2096166
2096167
2096168
2096169
2096170
2096171
2096172
2096173
2096174
2096175
2096176
2096177
2096178
2096179
2096180
2096181
2096182
2096183
2096184
2096185
2096186
2096187
2096188
2096189
2096190
2096191
2096192
2096193
2096194
2096195
2096196
2096197
2096198
2096199
2096200
2096201
2096202
2096203
2096204
2096205
2096206
2096207
2096208
2096209
2096210
2096211
2096212
2096213
2096214
2096215
2096216
2096217
2096218
2096219
2096221
2096222
2096223
2096224
2096225
2096226
2096227
2096228
2096229
2096230
2096233
2096234
2096235
2096236
2096237
2096238
2096239
2096240
2096241
2096242
2096243
2096244
2096245
2096246
2096247
2096248
2096249
2096250
2096251
2096252
2096253
2096254
2096255
2096256
2096257
2096258
2096259
2096260
2096261
2096262
2096263
2096264
2096265
2096266
2096267
2096268
2096269
2096270
2096271
2096272
2096273
2096274
2096275
2096276
2096277
2096278
2096279
2096280
2096281
2096282
2096283
2096284
2096285
2096286
2096287
2096288
2096289
2096290
2096291
2096292
2096293
2096294
2096295
2096296
2096297
2096298
2096299
2096300
2096301
2096302
2096303
2096304
2096305
2096306
2096307
2096308
2096309
2096310
2096311
2096312
2096313
2096314
2096315
2096316
2096317
2096318
2096319
2096320
2096321
2096322
2096323
2096324
2096325
2096326
2096327
2096328
2096329
2096330
2096331
2096332
2096333
2096334
2096335
2096336
2096337
2096338
2096339
2096340
2096341
2096342
2096343
2096344
2096345
2096346
2096347
2096348
2096349
2096350
2096351
2096352
2096353
2096354
2096355
2096356
2096357
2096358
2096359
2096360
2096361
2096362
2096363
2096364
2096365
2096366
2096367
2096368
2096369
2096372
2096373
2096374
2096375
2096376
2096377
2096378
2096379
2096380
2096381
2096382
2096383
2096384
2096385
2096387
2096388
2096389
2096390
2096391
2096392
2096393
2096394
2096395
2096396
2096397
2096398
2096399
2096400
2096401
2096402
2096403
2096404
2096405
2096406
2096407
2096408
2096409
2096410
2096411
2096412
2096413
2096414
2096415
2096416
2096417
2096418
2096419
2096420
2096421
2096422
2096423
2096424
2096425
2096426
2096427
2096428
2096429
2096430
2096431
2096432
2096433
2096434
2096435
2096436
2096437
2096438
2096439
2096440
2096441
2096442
2096443
2096444
2096445
2096446
2096447
2096448
2096449
2096450
2096451
2096452
2096453
2096454
2096455
2096456
2096457
2096458
2096459
2096460
2096461
2096462
2096463
2096464
2096465
2096466
2096467
2096468
2096469
2096470
2096471
2096472
2096473
2096474
2096475
2096476
2096477
2096478
2096479
2096480
2096481
2096482
2096483
2096484
2096485
2096486
2096487
2096488
2096489
2096490
2096491
2096492
2096493
2096494
2096495
2096496
2096497
2096498
2096499
2096500
2096501
2096502
2096503
2096504
2096505
2096506
2096507
2096508
2096509
2096510
2096511
2096512
2096513
2096514
2096515
2096516
2096517
2096518
2096519
2096522
2096523
2096524
2096525
2096526
2096527
2096528
2096529
2096530
2096531
2096532
2096534
2096535
2096537
2096538
2096539
2096540
2096541
2096542
2096543
2096544
2096545
2096546
2096547
2096548
2096549
2096550
2096551
2096552
2096553
2096554
2096555
2096556
2096557
2096558
2096559
2096560
2096561
2096562
2096563
2096564
2096565
2096566
2096567
2096568
2096569
2096570
2096571
2096572
2096573
2096574
2096575
2096576
2096577
2096578
2096579
2096580
2096581
2096582
2096583
2096584
2096585
2096586
2096587
2096588
2096589
2096590
2096591
2096592
2096593
2096594
2096595
2096596
2096597
2096598
2096599
2096600
2096601
2096602
2096603
2096604
2096605
2096606
2096607
2096608
2096609
2096610
2096611
2096612
2096613
2096614
2096615
2096616
2096617
2096618
2096619
2096620
2096621
2096622
2096623
2096624
2096625
2096626
2096627
2096628
2096629
2096630
2096631
2096632
2096633
2096634
2096635
2096636
2096637
2096638
2096639
2096640
2096641
2096642
2096643
2096644
2096645
2096646
2096647
2096648
2096649
2096650
2096651
2096652
2096653
2096654
2096655
2096656
2096657
2096658
2096659
2096660
2096661
2096662
2096663
2096664
2096665
2096666
2096667
2096668
2096669
2096670
2096671
2096672
2096673
2096674
2096675
2096677
2096678
2096679
2096680
2096681
2096683
2096684
2096685
2096686
2096687
2096688
2096689
2096691
2096692
2096693
2096694
2096695
2096696
2096697
2096698
2096699
2096700
2096701
2096702
2096703
2096704
2096705
2096706
2096707
2096708
2096709
2096710
2096711
2096712
2096713
2096714
2096715
2096716
2096717
2096718
2096719
2096720
2096721
2096722
2096723
2096724
2096725
2096726
2096727
2096728
2096729
2096730
2096731
2096732
2096733
2096734
2096735
2096736
2096737
2096738
2096739
2096740
2096741
2096742
2096743
2096744
2096745
2096746
2096747
2096748
2096749
2096750
2096751
2096752
2096753
2096754
2096755
2096756
2096757
2096758
2096759
2096760
2096761
2096762
2096763
2096764
2096765
2096766
2096767
2096768
2096769
2096770
2096771
2096772
2096773
2096774
2096775
2096776
2096777
2096778
2096779
2096780
2096781
2096782
2096783
2096784
2096785
2096786
2096787
2096788
2096789
2096790
2096791
2096792
2096793
2096794
2096795
2096796
2096797
2096798
2096799
2096800
2096801
2096802
2096803
2096804
2096805
2096806
2096807
2096808
2096809
2096810
2096811
2096812
2096813
2096814
2096815
2096816
2096817
2096818
2096819
2096820
2096821
2096822
2096823
2096824
2096825
2096828
2096829
2096830
2096831
2096832
2096833
2096834
2096835
2096836
2096837
2096838
2096839
2096840
2096841
2096842
2096843
2096844
2096845
2096848
2096849
2096850
2096851
2096852
2096853
2096854
2096855
2096856
2096857
2096858
2096859
2096860
2096861
2096862
2096863
2096864
2096865
2096866
2096867
2096868
2096869
2096870
2096871
2096872
2096873
2096874
2096875
2096876
2096877
2096878
2096879
2096880
2096881
2096882
2096883
2096884
2096885
2096886
2096887
2096888
2096889
2096890
2096891
2096892
2096893
2096894
2096895
2096896
2096897
2096898
2096899
2096900
2096901
2096902
2096903
2096904
2096905
2096906
2096907
2096908
2096909
2096910
2096911
2096912
2096913
2096914
2096915
2096916
2096917
2096918
2096919
2096920
2096921
2096922
2096923
2096924
2096925
2096926
2096927
2096928
2096929
2096930
2096931
2096932
2096933
2096934
2096935
2096936
2096937
2096938
2096939
2096940
2096941
2096942
2096943
2096944
2096945
2096946
2096947
2096948
2096949
2096951
2096952
2096953
2096954
2096955
2096956
2096957
2096958
2096959
2096960
2096961
2096962
2096963
2096966
2096967
2096969
2096970
2096974
2096975
2096976
2096977
2096979
2096980
2096981
2096982
2096983
2096984
2096985
2096986
2096987
2096988
2096990
2096991
2096992
2096993
2096994
2096995
2096996
2096997
2096998
2096999
2097000
2097001
2097002
2097003
2097004
2097005
2097006
2097007
2097008
2097009
2097010
2097011
2097012
2097013
2097014
2097015
2097016
2097017
2097018
2097019
2097020
2097021
2097022
2097023
2097024
2097025
2097026
2097027
2097028
2097029
2097030
2097031
2097032
2097033
2097034
2097035
2097036
2097037
2097038
2097039
2097040
2097041
2097042
2097043
2097044
2097045
2097046
2097047
2097048
2097049
2097050
2097051
2097052
2097053
2097054
2097055
2097056
2097057
2097058
2097059
2097061
2097062
2097063
2097064
2097065
2097066
2097067
2097068
2097069
2097070
2097071
2097072
2097073
2097076
2097077
2097084
2097085
2097086
2097088
2097090
2097093
2097094
2097097
2097098
2097099
2097100
2097101
2097102
2097103
2097106
2097107
2097108
2097109
2097110
2097111
2097112
2097113
2097114
2097115
2097116
2097118
2097120
2097121
2097122
2097123
2097124
2097125
2097126
2097127
2097128
2097130
2097131
2097132
2097135
2097136
2097137
2097138
2097139
2097140
2097141
2097143
2097144
)


// ************************************************************************* //
